GENE_NAME,Original_Count,Cleaned_Count,Mutations_Removed
A3GALT2,104,104,0
AADAC,213,213,0
AADACL2,222,222,0
AADACL4,247,247,0
AADAT,169,169,0
AAK1,359,358,1
AANAT,118,31,87
AARS,362,362,0
AARS1,4,4,0
AARS2,444,444,0
AARSD1,133,133,0
AASDH,405,400,5
AASDHPPT,136,136,0
AASS,482,482,0
AATK,529,518,11
ABAT,258,251,7
ABCA1,987,985,2
ABCA10,742,742,0
ABCA12,1519,1483,36
ABCA13,3067,3050,17
ABCA2,1063,103,960
ABCA3,903,893,10
ABCA4,1195,1178,17
ABCA5,630,626,4
ABCA6,843,843,0
ABCA7,990,984,6
ABCA8,909,364,545
ABCA9,816,815,1
ABCB1,945,910,35
ABCB10,279,279,0
ABCB11,718,718,0
ABCB4,680,680,0
ABCB5,925,918,7
ABCB6,353,348,5
ABCB7,329,55,274
ABCB8,376,56,320
ABCB9,297,297,0
ABCC1,804,804,0
ABCC10,629,622,7
ABCC11,806,804,2
ABCC12,771,770,1
ABCC2,622,622,0
ABCC3,788,788,0
ABCC4,604,577,27
ABCC5,663,661,2
ABCC6,648,647,1
ABCC8,972,949,23
ABCC9,1018,997,21
ABCD1,320,319,1
ABCD2,431,431,0
ABCD3,218,218,0
ABCD4,298,296,2
ABCE1,218,218,0
ABCF1,327,326,1
ABCF2,1,1,0
ABCF3,2,1,1
ABCG1,339,337,2
ABCG2,339,339,0
ABCG4,350,350,0
ABCG5,300,299,1
ABHD10,119,119,0
ABHD11,147,14,133
ABHD12,163,161,2
ABHD13,4,4,0
ABHD14B,60,60,0
ABHD15,1,1,0
ABHD16A,217,217,0
ABHD16B,210,210,0
ABHD17A,137,63,74
ABHD17B,109,108,1
ABHD17C,106,106,0
ABHD2,184,184,0
ABHD3,133,133,0
ABHD6,143,143,0
ABHD8,1,1,0
ABL1,1513,654,859
ABL2,988,600,388
ABLIM2,316,211,105
ABO,1,1,0
ACAA2,135,133,2
ACACA,74,24,50
ACACB,1248,1213,35
ACAD10,477,144,333
ACAD11,299,298,1
ACAD8,177,174,3
ACAD9,260,260,0
ACADL,197,197,0
ACADM,190,41,149
ACADS,199,196,3
ACADSB,204,202,2
ACADVL,218,29,189
ACAN,1705,1592,113
ACAT1,152,18,134
ACAT2,132,10,122
ACBD4,165,120,45
ACBD5,217,21,196
ACBD6,93,93,0
ACBD7,40,40,0
ACCS,225,225,0
ACE,718,716,2
ACE2,312,312,0
ACER1,160,160,0
ACER2,103,102,1
ACER3,98,97,1
ACHE,347,340,7
ACLY,486,480,6
ACMSD,180,180,0
ACO1,333,331,2
ACO2,302,301,1
ACOT1,83,83,0
ACOT11,306,306,0
ACOT12,275,275,0
ACOT13,52,52,0
ACOT2,132,128,4
ACOT4,145,145,0
ACOT6,67,4,63
ACOT7,168,163,5
ACOT8,122,122,0
ACOX1,249,236,13
ACOXL,282,213,69
ACP1,86,71,15
ACP2,182,178,4
ACP4,218,215,3
ACP5,157,157,0
ACP6,165,163,2
ACP7,3,3,0
ACPP,2,2,0
ACR,169,169,0
ACSBG1,384,383,1
ACSBG2,319,317,2
ACSF2,277,273,4
ACSF3,301,300,1
ACSM1,411,411,0
ACSM2A,518,512,6
ACSM2B,473,466,7
ACSM3,270,267,3
ACSM4,398,398,0
ACSM5,459,459,0
ACSM6,163,163,0
ACSS1,309,305,4
ACSS2,256,123,133
ACSS3,531,528,3
ACTN1,399,339,60
ACTN2,680,678,2
ACTN3,3,2,1
ACTN4,411,411,0
ACTR2,165,39,126
ACTR8,213,211,2
ACVR1,258,258,0
ACVR1B,440,255,185
ACVR1C,296,268,28
ACVR2A,443,394,49
ACVR2B,235,235,0
ACVRL1,284,273,11
ACY1,158,155,3
ACY3,173,173,0
ADA,185,185,0
ADA2,272,258,14
ADAL,97,67,30
ADAM10,264,263,1
ADAM12,543,543,0
ADAM15,351,345,6
ADAM17,281,281,0
ADAM19,541,517,24
ADAM20,325,36,289
ADAM21,429,429,0
ADAM28,494,483,11
ADAM30,412,412,0
ADAM33,379,376,3
ADAM8,357,348,9
ADAM9,308,308,0
ADAMDEC1,294,292,2
ADAMTS1,511,511,0
ADAMTS10,695,688,7
ADAMTS12,1427,1412,15
ADAMTS13,647,638,9
ADAMTS14,700,232,468
ADAMTS15,513,513,0
ADAMTS16,1127,1127,0
ADAMTS17,593,593,0
ADAMTS18,1099,1099,0
ADAMTS19,801,795,6
ADAMTS2,840,840,0
ADAMTS20,1405,1390,15
ADAMTS3,715,715,0
ADAMTS4,428,428,0
ADAMTS5,732,732,0
ADAMTS6,578,578,0
ADAMTS7,817,817,0
ADAMTS8,425,425,0
ADAMTS9,997,988,9
ADAR,561,524,37
ADARB1,343,342,1
ADARB2,549,547,2
ADAT1,182,182,0
ADAT2,68,68,0
ADAT3,147,19,128
ADCK1,275,34,241
ADCK2,235,235,0
ADCY1,708,707,1
ADCY10,812,799,13
ADCY2,880,870,10
ADCY3,529,529,0
ADCY4,489,489,0
ADCY5,738,730,8
ADCY6,517,515,2
ADCY7,511,511,0
ADCY8,1211,1203,8
ADCY9,668,668,0
ADGB,675,673,2
ADGRG1,338,326,12
ADGRL1,611,607,4
ADGRL3,1370,635,735
ADH1A,209,209,0
ADH1B,285,282,3
ADH4,167,164,3
ADH5,110,110,0
ADH6,201,199,2
ADH7,228,32,196
ADI1,88,88,0
ADIPOR1,178,178,0
ADIPOR2,148,148,0
ADK,110,110,0
ADO,90,90,0
ADORA2A,207,207,0
ADORA2B,106,106,0
ADPGK,130,76,54
ADPRH,181,181,0
ADPRHL2,122,122,0
ADPRM,107,107,0
ADRB2,190,190,0
ADSL,195,195,0
ADSS,165,165,0
ADSS1,4,4,0
ADSSL1,250,43,207
AFG1L,179,179,0
AFG3L2,271,271,0
AFMID,155,133,22
AFP,306,306,0
AGA,153,153,0
AGAP1,500,489,11
AGAP2,509,489,20
AGAP3,464,56,408
AGBL1,777,50,727
AGBL2,375,372,3
AGBL3,295,246,49
AGBL4,274,263,11
AGBL5,380,380,0
AGL,610,608,2
AGMAT,166,166,0
AGO2,431,429,2
AGO3,313,313,0
AGPS,256,256,0
AGRN,883,761,122
AGTPBP1,444,131,313
AGTR1,295,281,14
AGTR2,225,225,0
AGXT,227,227,0
AHCY,211,211,0
AHCYL1,198,198,0
AHCYL2,217,217,0
AICDA,167,167,0
AIF1,61,60,1
AIF1L,53,9,44
AIFM1,262,246,16
AIFM2,175,175,0
AIFM3,308,303,5
AK1,72,71,1
AK2,103,103,0
AK3,76,76,0
AK4,76,75,1
AK5,372,366,6
AK7,368,368,0
AK8,199,199,0
AK9,686,685,1
AKAP7,153,149,4
AKR1A1,139,139,0
AKR1B1,151,151,0
AKR1B10,201,201,0
AKR1B15,214,14,200
AKR1C1,138,138,0
AKR1C2,128,74,54
AKR1C3,143,139,4
AKR1C4,196,196,0
AKR1D1,244,244,0
AKR1E2,153,153,0
AKR7A2,141,141,0
AKR7A3,158,158,0
AKR7L,66,6,60
AKT1,636,380,256
AKT2,533,343,190
AKT3,352,199,153
ALAD,153,152,1
ALAS1,231,231,0
ALAS2,310,309,1
ALB,11,3,8
ALDH18A1,295,294,1
ALDH1A1,236,236,0
ALDH1A2,301,295,6
ALDH1A3,234,234,0
ALDH1B1,284,284,0
ALDH1L1,544,45,499
ALDH1L2,356,356,0
ALDH2,277,263,14
ALDH3A1,224,222,2
ALDH3A2,182,182,0
ALDH3B1,194,45,149
ALDH3B2,231,231,0
ALDH4A1,247,247,0
ALDH5A1,239,89,150
ALDH6A1,169,169,0
ALDH7A1,200,188,12
ALDH8A1,276,276,0
ALDH9A1,207,30,177
ALDOA,192,45,147
ALDOB,266,266,0
ALDOC,135,135,0
ALG13,453,453,0
ALG2,151,97,54
ALK,2524,1641,883
ALKBH1,168,168,0
ALKBH2,112,109,3
ALKBH3,128,128,0
ALKBH4,155,155,0
ALKBH5,139,139,0
ALKBH6,99,6,93
ALKBH7,94,92,2
ALKBH8,211,209,2
ALOX12,257,257,0
ALOX12B,398,398,0
ALOX15,257,255,2
ALOX15B,319,315,4
ALOX5,404,404,0
ALOXE3,382,108,274
ALPG,282,282,0
ALPI,304,304,0
ALPK1,650,606,44
ALPL,316,306,10
ALPP,322,322,0
AMACR,187,181,6
AMBP,191,191,0
AMD1,127,123,4
AMDHD1,201,201,0
AMDHD2,234,210,24
AMHR2,284,283,1
AMPD1,509,49,460
AMPD2,364,69,295
AMPD3,390,21,369
AMT,159,152,7
AMY1A,36,36,0
AMY1B,28,28,0
AMY1C,68,68,0
AMY2A,190,190,0
AMY2B,311,311,0
AMZ1,282,282,0
AMZ2,124,123,1
ANAPC11,63,49,14
ANG,51,51,0
ANGPT2,229,224,5
ANKFY1,392,35,357
ANKIB1,421,421,0
ANKK1,382,382,0
ANKMY1,494,468,26
ANKMY2,179,179,0
ANKZF1,278,276,2
ANO1,554,536,18
ANO6,425,48,377
ANPEP,555,555,0
ANTXR1,300,300,0
ANTXR2,236,233,3
ANTXRL,127,127,0
ANXA1,147,147,0
ANXA8,4,4,0
ANXA8L1,19,18,1
AOAH,342,340,2
AOC1,519,517,2
AOC2,336,336,0
AOC3,4,3,1
AOX1,732,732,0
AP2A2,369,369,0
AP2M1,198,192,6
APAF1,470,452,18
APC2,645,489,156
APCS,204,204,0
APEH,241,241,0
APEX1,120,120,0
APEX2,245,245,0
APIP,79,77,2
APLF,208,202,6
APLP1,422,325,97
APLP2,320,317,3
APOBEC1,157,157,0
APOBEC2,124,124,0
APOBEC3A,97,97,0
APOBEC3B,171,170,1
APOBEC3C,89,89,0
APOBEC3D,172,172,0
APOBEC3F,166,165,1
APOBEC3G,182,182,0
APOBEC3H,112,111,1
APOBEC4,153,153,0
APOE,128,128,0
APOM,67,67,0
APP,396,378,18
APPL2,4,1,3
APTX,134,18,116
AQPEP,589,589,0
AQR,615,615,0
AR,1806,1084,722
ARAF,516,413,103
AREL1,329,329,0
ARF1,100,100,0
ARF3,62,62,0
ARF4,55,55,0
ARF5,82,82,0
ARF6,69,69,0
ARFRP1,95,93,2
ARG1,149,47,102
ARG2,105,105,0
ARHGAP35,875,875,0
ARIH1,159,159,0
ARIH2,192,192,0
ARL1,64,62,2
ARL11,107,107,0
ARL13B,204,198,6
ARL14,81,81,0
ARL16,77,77,0
ARL17A,3,3,0
ARL17B,8,8,0
ARL2,67,66,1
ARL3,61,61,0
ARL4A,75,75,0
ARL4C,72,72,0
ARL4D,93,93,0
ARL5A,61,61,0
ARL5B,77,77,0
ARL5C,3,3,0
ARL6,88,88,0
ARL8A,63,63,0
ARL8B,81,81,0
ARMT1,150,149,1
ARRB1,193,192,1
ARSA,243,115,128
ARSB,215,215,0
ARSD,236,236,0
ARSE,243,241,2
ARSF,341,341,0
ARSG,246,243,3
ARSI,313,313,0
ARSJ,257,257,0
ARSK,181,181,0
ART1,175,175,0
ART3,160,158,2
ART4,138,10,128
ASAH1,179,28,151
ASAH2,162,162,0
ASCC3,886,886,0
ASGR1,96,95,1
ASL,222,222,0
ASMT,182,123,59
ASMTL,312,299,13
ASNA1,162,162,0
ASNS,257,253,4
ASNSD1,3,3,0
ASPA,165,165,0
ASPG,247,247,0
ASPH,363,361,2
ASPHD2,1,1,0
ASPRV1,196,196,0
ASRGL1,139,139,0
ASS1,209,209,0
ASTL,294,294,0
ATAD1,129,129,0
ATAD2,620,613,7
ATAD2B,518,516,2
ATAD3A,210,208,2
ATAD3B,273,273,0
ATAD5,609,609,0
ATAT1,127,10,117
ATG10,97,97,0
ATG3,99,98,1
ATG4A,139,139,0
ATG4B,150,146,4
ATG4C,191,191,0
ATG4D,192,192,0
ATG7,267,265,2
ATIC,291,268,23
ATL1,222,222,0
ATL2,191,184,7
ATL3,181,181,0
ATOX1,15,15,0
ATP10A,1143,1143,0
ATP10B,881,876,5
ATP10D,732,732,0
ATP11A,550,550,0
ATP11B,441,441,0
ATP11C,567,558,9
ATP12A,627,217,410
ATP13A1,509,505,4
ATP13A2,538,536,2
ATP13A3,454,451,3
ATP13A4,723,717,6
ATP13A5,781,779,2
ATP1A1,399,387,12
ATP1A2,633,631,2
ATP1A3,596,44,552
ATP1A4,595,594,1
ATP23,96,96,0
ATP2A1,489,486,3
ATP2A2,454,438,16
ATP2A3,534,532,2
ATP2B1,464,464,0
ATP2B2,860,825,35
ATP2B3,744,723,21
ATP2B4,492,451,41
ATP2C1,355,38,317
ATP2C2,459,456,3
ATP4A,607,607,0
ATP5F1A,201,201,0
ATP5F1B,218,218,0
ATP6V1A,252,252,0
ATP6V1B1,268,266,2
ATP6V1B2,205,205,0
ATP7A,624,620,4
ATP7B,750,696,54
ATP8A1,589,587,2
ATP8A2,671,669,2
ATP8B1,504,504,0
ATP8B2,562,49,513
ATP8B3,594,592,2
ATP8B4,717,717,0
ATP9A,585,585,0
ATP9B,507,507,0
ATR,1453,1264,189
ATRX,3299,2345,954
ATXN3,176,176,0
ATXN3L,186,186,0
AURKA,242,242,0
AURKB,380,212,168
AURKC,274,204,70
AVIL,328,326,2
AXL,973,694,279
B3GAT1,269,268,1
B3GAT2,183,183,0
B3GNT6,183,11,172
B4GALT1,133,132,1
B4GALT2,178,25,153
B4GALT3,146,146,0
B4GALT4,147,147,0
B4GALT5,172,172,0
B4GALT6,157,157,0
B4GALT7,138,138,0
B4GAT1,154,154,0
BAAT,236,236,0
BACE1,199,191,8
BACE2,222,222,0
BACH1,291,15,276
BAIAP3,546,536,10
BAK1,93,93,0
BBOX1,201,201,0
BCAT2,180,175,5
BCDIN3D,101,101,0
BCHE,507,507,0
BCKDHA,205,205,0
BCKDHB,156,156,0
BCKDK,201,201,0
BCO1,261,260,1
BCO2,251,244,7
BCS1L,137,137,0
BDH1,153,153,0
BDH2,100,100,0
BDP1,889,751,138
BEST1,229,56,173
BEST2,236,236,0
BEST3,423,421,2
BEST4,142,142,0
BEX1,68,68,0
BEX2,62,16,46
BEX3,54,54,0
BEX4,53,53,0
BEX5,59,59,0
BGLAP,46,46,0
BHMT,197,197,0
BHMT2,172,172,0
BIRC2,257,221,36
BIRC3,409,409,0
BIRC5,81,45,36
BIRC6,1929,1928,1
BIRC7,182,175,7
BIRC8,194,194,0
BLK,316,306,10
BLM,800,756,44
BLMH,167,167,0
BLVRA,136,136,0
BLVRB,85,84,1
BMP1,414,413,1
BMP2K,420,419,1
BMPR1A,261,261,0
BMPR1B,277,46,231
BMPR2,514,490,24
BMS1,543,543,0
BMT2,178,178,0
BMX,278,278,0
BPGM,115,115,0
BPHL,122,122,0
BPNT1,128,123,5
BRAF,1289,949,340
BRAP,3,1,2
BRCC3,161,143,18
BRD2,410,331,79
BRDT,508,483,25
BRF2,169,169,0
BRIP1,750,750,0
BRSK1,466,456,10
BRSK2,323,31,292
BST1,5,4,1
BTAF1,628,626,2
BTD,232,232,0
BTK,692,501,191
BUB1,431,395,36
BUB1B,490,425,65
C11orf54,82,48,34
C17orf47,290,61,229
C19orf54,122,122,0
C1GALT1,125,125,0
C1RL,195,193,2
C1S,379,376,3
C2,335,333,2
C2,335,333,2
C2,335,333,2
C2,335,333,2
C2CD5,376,372,4
C9orf3,285,284,1
C9orf64,131,131,0
CA1,175,173,2
CA12,171,171,0
CA13,116,116,0
CA14,162,162,0
CA2,165,165,0
CA3,167,167,0
CA4,177,177,0
CA5A,155,155,0
CA5B,94,94,0
CA6,174,161,13
CA7,115,115,0
CA8,162,162,0
CA9,215,215,0
CABP1,103,101,2
CABP2,139,137,2
CABP4,191,191,0
CABP5,128,128,0
CABP7,90,90,0
CACNA1A,1388,1347,41
CACNA1B,1455,1375,80
CACNA1C,1502,1283,219
CACNA1D,1178,315,863
CACNA1E,2211,2021,190
CACNA1F,916,913,3
CACNA1H,1385,1358,27
CACNA1S,1176,1171,5
CACNA2D1,788,390,398
CACNA2D2,441,441,0
CACNA2D3,708,697,11
CACNA2D4,658,652,6
CALB1,172,172,0
CALB2,181,181,0
CALCOCO1,247,247,0
CALCOCO2,178,45,133
CALHM5,164,164,0
CALM1,52,48,4
CALM2,54,54,0
CALM3,51,51,0
CALML3,104,104,0
CALML5,109,109,0
CALML6,85,85,0
CALN1,280,276,4
CALR,426,424,2
CALR3,200,200,0
CALU,91,10,81
CAMK1,141,141,0
CAMK1D,220,215,5
CAMK1G,232,232,0
CAMK2A,256,192,64
CAMK2B,351,344,7
CAMK2D,206,195,11
CAMK2G,218,126,92
CAMK4,290,290,0
CAMKK1,242,117,125
CAMKK2,296,286,10
CANT1,230,230,0
CANX,209,207,2
CAPN1,281,281,0
CAPN10,309,306,3
CAPN11,333,333,0
CAPN12,349,345,4
CAPN13,434,434,0
CAPN14,252,252,0
CAPN15,472,472,0
CAPN2,311,302,9
CAPN3,337,335,2
CAPN5,321,319,2
CAPN7,261,261,0
CAPN8,222,108,114
CAPN9,368,367,1
CAPNS1,121,121,0
CAPNS2,91,91,0
CAPRIN2,455,313,142
CAPS,1,1,0
CARD9,256,256,0
CARM1,275,274,1
CARNMT1,156,156,0
CARNS1,312,82,230
CARS,423,73,350
CARS2,227,227,0
CASD1,286,286,0
CASP1,250,230,20
CASP10,226,201,25
CASP12,131,119,12
CASP14,157,157,0
CASP2,207,207,0
CASP3,107,107,0
CASP5,319,40,279
CASP6,93,92,1
CASP7,141,24,117
CASP8,1381,412,969
CASP9,165,163,2
CASR,841,437,404
CASTOR1,123,123,0
CAT,1,1,0
CBFA2T2,266,266,0
CBFA2T3,404,332,72
CBL,817,706,111
CBLB,832,613,219
CBLC,258,247,11
CBLIF,230,230,0
CBR1,101,100,1
CBR3,95,95,0
CBR4,65,65,0
CBS,264,262,2
CBWD1,69,69,0
CBWD3,38,38,0
CBWD6,49,49,0
CBWD7,4,1,3
CCNL1,202,16,186
CCR4,188,7,181
CCS,126,125,1
CD1A,303,303,0
CD1D,293,293,0
CD209,268,268,0
CD22,571,523,48
CD320,110,110,0
CD33,309,308,1
CD38,153,153,0
CD44,272,260,12
CD81,90,87,3
CDA,80,80,0
CDADC1,149,149,0
CDC123,119,118,1
CDC14A,289,279,10
CDC14B,158,158,0
CDC25A,219,211,8
CDC25B,292,268,24
CDC25C,182,176,6
CDC34,103,103,0
CDC42,98,93,5
CDC42BPA,773,405,368
CDC42BPB,696,696,0
CDC42BPG,685,685,0
CDC6,198,198,0
CDC7,221,210,11
CDH2,805,730,75
CDH5,584,535,49
CDIP1,59,59,0
CDIPT,91,91,0
CDK1,107,106,1
CDK10,172,170,2
CDK11A,230,65,165
CDK11B,222,41,181
CDK12,1270,1214,56
CDK13,562,558,4
CDK14,339,35,304
CDK15,222,207,15
CDK16,177,43,134
CDK17,215,207,8
CDK18,254,70,184
CDK19,224,205,19
CDK2,124,112,12
CDK20,162,160,2
CDK3,134,134,0
CDK4,263,209,54
CDK5,135,130,5
CDK5RAP1,240,117,123
CDK6,175,175,0
CDK7,131,120,11
CDK8,302,300,2
CDK9,174,167,7
CDKAL1,235,235,0
CDKL1,134,8,126
CDKL2,228,228,0
CDKL3,210,204,6
CDKL4,145,145,0
CDKL5,517,477,40
CDKN3,59,57,2
CDO1,117,117,0
CDS1,200,18,182
CEL,416,50,366
CELA1,127,127,0
CELA2A,139,139,0
CELA2B,118,118,0
CELA3A,154,154,0
CELA3B,188,188,0
CENPE,992,965,27
CENPV,71,16,55
CEPT1,119,119,0
CERK,220,216,4
CES1,329,286,43
CES2,269,52,217
CES3,282,282,0
CES4A,188,176,12
CES5A,372,47,325
CETN1,154,154,0
CETN2,82,82,0
CETN3,61,61,0
CFB,772,478,294
CFD,58,58,0
CFI,297,297,0
CFTR,850,841,9
CGAS,184,184,0
CGREF1,128,128,0
CHAC1,107,27,80
CHAC2,70,70,0
CHAT,534,523,11
CHD1,609,609,0
CHD1L,361,340,21
CHD2,788,773,15
CHD3,931,147,784
CHD4,1269,994,275
CHD6,1351,1329,22
CHD7,1383,1381,2
CHD8,1128,1090,38
CHD9,1057,813,244
CHDH,262,262,0
CHEK1,443,268,175
CHEK2,1114,377,737
CHI3L1,189,189,0
CHI3L2,196,196,0
CHIA,290,289,1
CHIT1,264,256,8
CHKA,163,161,2
CHKB,155,155,0
CHL1,900,232,668
CHORDC1,141,141,0
CHP1,69,69,0
CHP2,126,126,0
CHPF,338,335,3
CHPT1,123,123,0
CHST1,371,371,0
CHST10,201,201,0
CHST11,215,214,1
CHST12,249,249,0
CHST13,223,223,0
CHST14,128,128,0
CHST15,360,360,0
CHST2,304,304,0
CHST3,243,243,0
CHST4,229,229,0
CHST5,285,282,3
CHST6,298,298,0
CHST7,200,200,0
CHST8,354,354,0
CHST9,236,236,0
CHSY1,301,301,0
CHSY3,475,475,0
CHTF18,436,422,14
CHUK,298,298,0
CHURC1,51,12,39
CIAO2A,65,65,0
CIAO3,207,207,0
CIAPIN1,117,113,4
CIB1,65,64,1
CIB2,103,100,3
CIB3,131,130,1
CIB4,108,108,0
CIITA,764,677,87
CILK1,1,1,0
CINP,72,7,65
CISD1,35,35,0
CISD2,33,33,0
CISD3,38,38,0
CIT,963,388,575
CKB,122,122,0
CKM,209,209,0
CKMT1A,72,72,0
CKMT1B,67,67,0
CKMT2,183,183,0
CLCA1,456,456,0
CLCA2,423,423,0
CLCA4,528,527,1
CLCN1,618,618,0
CLCN2,397,392,5
CLCN3,313,299,14
CLCN4,387,386,1
CLCN5,347,345,2
CLCN6,418,414,4
CLCN7,382,377,5
CLCNKA,346,341,5
CLCNKB,324,318,6
CLEC17A,165,165,0
CLEC4A,92,92,0
CLEC4C,163,162,1
CLEC4D,151,151,0
CLEC4E,136,135,1
CLEC4M,241,233,8
CLEC6A,135,135,0
CLEC7A,121,119,2
CLIC2,112,112,0
CLINT1,222,164,58
CLK1,224,39,185
CLK2,301,107,194
CLK3,245,69,176
CLK4,197,195,2
CLN5,165,38,127
CLP1,4,2,2
CLPB,260,260,0
CLPP,103,103,0
CLPX,217,217,0
CLYBL,169,167,2
CMA1,152,152,0
CMAS,153,153,0
CMBL,100,100,0
CMPK1,69,10,59
CMPK2,157,157,0
CMTR1,314,314,0
CMTR2,325,325,0
CNBD2,1,1,0
CNDP1,319,316,3
CNDP2,236,236,0
CNGA1,324,61,263
CNGA2,468,468,0
CNGA3,482,478,4
CNGA4,369,368,1
CNGB1,688,681,7
CNGB3,667,667,0
CNOT6,205,205,0
CNOT6L,180,180,0
CNOT7,88,88,0
CNOT8,82,82,0
CNP,152,152,0
COASY,218,39,179
COL10A1,313,313,0
COL11A1,2474,2172,302
COL11A2,931,220,711
COL18A1,822,190,632
COL1A1,899,898,1
COL1A2,1113,1091,22
COL27A1,937,937,0
COL2A1,1021,943,78
COL3A1,1172,1170,2
COL4A3BP,233,57,176
COL5A1,1409,1409,0
COL5A2,946,943,3
COL9A1,685,681,4
COLEC11,222,17,205
COLEC12,494,494,0
COMMD1,68,68,0
COMT,89,89,0
COMTD1,50,50,0
COPS5,123,123,0
COQ3,136,134,2
COQ5,147,147,0
COQ7,85,83,2
COQ8A,370,354,16
COQ8B,220,220,0
COQ9,138,138,0
CORIN,653,646,7
COX15,138,137,1
COX17,25,25,0
COX5B,55,55,0
CP,453,453,0
CPA1,277,277,0
CPA2,208,208,0
CPA3,274,21,253
CPA4,246,241,5
CPA5,273,273,0
CPA6,276,274,2
CPB1,293,293,0
CPB2,198,198,0
CPD,432,430,2
CPE,285,285,0
CPEB1,305,194,111
CPEB4,287,287,0
CPLANE2,107,107,0
CPM,194,194,0
CPN1,255,255,0
CPNE1,266,31,235
CPNE2,227,225,2
CPNE3,262,262,0
CPNE4,398,394,4
CPNE5,296,296,0
CPNE6,266,265,1
CPNE7,292,292,0
CPNE8,317,315,2
CPNE9,249,249,0
CPO,206,206,0
CPOX,172,172,0
CPPED1,183,182,1
CPQ,291,291,0
CPS1,1066,75,991
CPSF3,248,244,4
CPT1A,417,417,0
CPT1B,322,314,8
CPT1C,448,447,1
CPT2,215,215,0
CPTP,99,99,0
CPVL,282,282,0
CPXM1,422,422,0
CPZ,457,443,14
CRABP1,61,61,0
CRABP2,74,74,0
CRACR2A,332,332,0
CRAT,282,282,0
CRBN,167,162,5
CRNN,352,352,0
CROT,280,39,241
CRP,195,195,0
CRY1,249,249,0
CRY2,256,23,233
CRYAA,106,102,4
CRYAB,70,70,0
CRYL1,127,126,1
CRYM,135,127,8
CRYZ,141,140,1
CS,167,167,0
CSF1R,719,715,4
CSGALNACT1,293,293,0
CSGALNACT2,232,232,0
CSH2,126,126,0
CSHL1,172,166,6
CSK,207,207,0
CSNK1A1,212,99,113
CSNK1A1L,219,219,0
CSNK1D,188,188,0
CSNK1E,187,187,0
CSNK1G1,167,167,0
CSNK1G2,189,189,0
CSNK1G3,192,181,11
CSNK2A1,230,190,40
CSNK2A2,139,139,0
CSNK2A3,154,154,0
CSNK2B,99,90,9
CTBP1,170,169,1
CTBP2,601,378,223
CTBS,129,129,0
CTDSP1,112,111,1
CTDSP2,139,139,0
CTDSPL,105,105,0
CTH,173,172,1
CTNS,183,176,7
CTPS1,201,201,0
CTPS2,189,189,0
CTRB1,63,63,0
CTRB2,65,65,0
CTRC,134,134,0
CTRL,85,85,0
CTSA,218,39,179
CTSC,211,211,0
CTSD,208,203,5
CTSE,195,195,0
CTSF,199,199,0
CTSG,204,204,0
CTSK,146,146,0
CTSL,149,149,0
CTSO,139,139,0
CTSS,143,141,2
CTSV,154,154,0
CTSW,178,178,0
CTSZ,137,137,0
CUBN,2223,2223,0
CUL9,1085,1075,10
CXCL12,102,98,4
CXXC1,309,160,149
CXXC4,123,82,41
CXXC5,164,164,0
CYB561,115,115,0
CYB561A3,98,9,89
CYB561D1,73,22,51
CYB561D2,56,56,0
CYB5A,57,57,0
CYB5B,61,61,0
CYB5D1,78,78,0
CYB5R1,113,113,0
CYB5R2,118,118,0
CYB5R3,142,41,101
CYB5R4,253,251,2
CYB5RL,125,125,0
CYBB,305,304,1
CYBRD1,120,119,1
CYC1,165,165,0
CYCS,34,34,0
CYGB,86,86,0
CYLD,743,550,193
CYP11A1,306,304,2
CYP11B1,450,446,4
CYP11B2,403,403,0
CYP17A1,269,264,5
CYP19A1,285,285,0
CYP1A1,290,287,3
CYP1A2,269,269,0
CYP1B1,254,251,3
CYP20A1,166,166,0
CYP21A2,216,215,1
CYP24A1,276,273,3
CYP26A1,249,244,5
CYP26B1,321,314,7
CYP26C1,194,194,0
CYP27A1,239,239,0
CYP27B1,219,219,0
CYP27C1,223,10,213
CYP2A13,343,343,0
CYP2A6,288,287,1
CYP2A7,310,300,10
CYP2B6,354,350,4
CYP2C18,335,334,1
CYP2C19,417,416,1
CYP2C8,422,348,74
CYP2C9,391,391,0
CYP2D6,323,267,56
CYP2D7,11,7,4
CYP2E1,285,285,0
CYP2F1,274,274,0
CYP2J2,202,202,0
CYP2R1,191,190,1
CYP2S1,266,265,1
CYP2U1,154,154,0
CYP2W1,229,229,0
CYP39A1,217,216,1
CYP3A4,287,275,12
CYP3A43,264,236,28
CYP3A5,238,230,8
CYP3A7,266,265,1
CYP46A1,253,253,0
CYP4A11,367,366,1
CYP4A22,321,317,4
CYP4B1,347,149,198
CYP4F11,365,363,2
CYP4F12,365,363,2
CYP4F2,381,381,0
CYP4F22,329,329,0
CYP4F3,357,357,0
CYP4F8,2,2,0
CYP4V2,227,227,0
CYP4X1,278,278,0
CYP4Z1,239,239,0
CYP51A1,160,160,0
CYP7A1,313,313,0
CYP7B1,356,356,0
CYP8B1,271,271,0
CYTH1,182,180,2
CYTH2,167,118,49
CYTH3,192,138,54
CYTH4,240,240,0
CZIB,60,60,0
D2HGDH,240,235,5
DAGLA,596,596,0
DAGLB,300,293,7
DAO,227,226,1
DAP,36,1,35
DAPK1,761,743,18
DAPK2,190,190,0
DAPK3,250,250,0
DARS,195,195,0
DARS2,239,237,2
DBF4,242,242,0
DBF4B,253,253,0
DBH,367,367,0
DBI,68,43,25
DBR1,194,194,0
DBT,180,180,0
DCAF15,239,239,0
DCAKD,116,116,0
DCD,71,70,1
DCK,99,99,0
DCLK1,604,571,33
DCLK2,366,179,187
DCLK3,448,448,0
DCLRE1A,335,335,0
DCP2,164,163,1
DCPS,149,149,0
DCT,334,280,54
DCTD,81,3,78
DCTPP1,50,50,0
DCXR,84,84,0
DDAH1,99,99,0
DDAH2,129,129,0
DDC,340,337,3
DDHD1,369,367,2
DDHD2,247,246,1
DDI2,154,154,0
DDO,227,37,190
DDR1,579,352,227
DDR2,752,752,0
DDX1,264,261,3
DDX10,347,347,0
DDX11,421,403,18
DDX17,290,230,60
DDX18,293,293,0
DDX19A,149,149,0
DDX19B,153,149,4
DDX20,254,251,3
DDX21,249,81,168
DDX23,338,338,0
DDX24,304,300,4
DDX25,198,198,0
DDX27,343,340,3
DDX28,167,167,0
DDX31,343,338,5
DDX39A,156,156,0
DDX39B,171,171,0
DDX3X,1187,595,592
DDX3Y,107,107,0
DDX4,359,349,10
DDX41,294,292,2
DDX42,372,370,2
DDX43,322,322,0
DDX46,347,347,0
DDX47,168,168,0
DDX49,178,178,0
DDX5,302,290,12
DDX50,261,261,0
DDX51,249,249,0
DDX52,219,214,5
DDX53,316,316,0
DDX54,427,396,31
DDX55,214,212,2
DDX56,218,218,0
DDX58,391,365,26
DDX59,238,238,0
DDX6,154,154,0
DDX60,734,734,0
DDX60L,697,695,2
DEAF1,269,263,6
DECR1,143,142,1
DECR2,134,134,0
DERA,107,107,0
DESI1,62,62,0
DESI2,87,87,0
DGAT1,186,185,1
DGAT1,186,185,1
DGAT1,186,185,1
DGAT1,186,185,1
DGCR8,347,342,5
DGKA,322,322,0
DGKB,627,609,18
DGKG,552,534,18
DGUOK,111,111,0
DHCR24,193,192,1
DHCR7,286,286,0
DHDDS,144,114,30
DHFR,47,47,0
DHFR2,92,92,0
DHH,155,155,0
DHODH,165,165,0
DHPS,170,169,1
DHRS1,100,100,0
DHRS11,89,89,0
DHRS13,127,126,1
DHRS2,192,161,31
DHRS3,142,142,0
DHRS4,120,120,0
DHRS4L2,141,130,11
DHRS7,117,116,1
DHRS7B,132,131,1
DHRS7C,211,211,0
DHRS9,176,176,0
DHRSX,138,138,0
DHX15,339,339,0
DHX16,395,394,1
DHX29,467,467,0
DHX30,516,514,2
DHX32,275,275,0
DHX33,221,221,0
DHX34,561,561,0
DHX35,332,328,4
DHX36,438,438,0
DHX37,556,553,3
DHX38,487,487,0
DHX40,238,238,0
DHX57,534,534,0
DHX58,286,286,0
DHX8,445,445,0
DHX9,520,520,0
DICER1,1402,1189,213
DIMT1,95,95,0
DIO1,122,119,3
DIO2,212,79,133
DIRAS1,132,132,0
DIRAS2,136,136,0
DIRAS3,154,154,0
DIS3L2,421,414,7
DKC1,208,208,0
DLAT,236,233,3
DLD,175,172,3
DLST,160,160,0
DMAC2L,77,15,62
DMC1,15,13,2
DMD,2833,2485,348
DMGDH,448,443,5
DMPK,286,30,256
DNA2,363,35,328
DNAH1,1680,1679,1
DNAH10,2321,2276,45
DNAH11,2674,919,1755
DNAH12,215,206,9
DNAH14,260,70,190
DNAH17,2904,980,1924
DNAH2,2137,2132,5
DNAH3,2407,2405,2
DNAH5,3664,3664,0
DNAH6,1505,1502,3
DNAH7,2433,2431,2
DNAH8,2618,2582,36
DNAH9,2944,2915,29
DNAJA1,137,137,0
DNAJA2,143,143,0
DNAJA3,190,189,1
DNAJA4,152,21,131
DNAJC24,66,65,1
DNAJC27,109,109,0
DNAJC6,496,65,431
DNASE1,99,98,1
DNASE1L1,119,119,0
DNASE1L2,131,131,0
DNASE1L3,167,166,1
DNASE2,142,142,0
DNLZ,48,48,0
DNM1,318,316,2
DNM1L,230,229,1
DNM2,603,560,43
DNM3,442,279,163
DNMT1,1147,379,768
DNMT3A,3205,1562,1643
DNMT3B,1017,585,432
DNPEP,212,208,4
DNPH1,56,56,0
DNTT,295,295,0
DOC2A,204,204,0
DOC2B,63,63,0
DOHH,139,139,0
DOK1,209,87,122
DOT1L,975,975,0
DPAGT1,151,145,6
DPEP1,210,210,0
DPEP2,242,240,2
DPF1,170,15,155
DPH1,174,16,158
DPH2,228,228,0
DPH3,36,36,0
DPH5,101,101,0
DPM1,115,115,0
DPP3,364,355,9
DPP4,368,368,0
DPP7,190,190,0
DPP8,325,320,5
DPP9,386,38,348
DPYD,816,809,7
DPYS,427,427,0
DQX1,328,328,0
DRC1,357,151,206
DRD3,289,289,0
DRD4,150,150,0
DRG2,157,157,0
DROSHA,723,697,26
DRP2,453,453,0
DSE,443,442,1
DST,2737,241,2496
DSTYK,378,376,2
DTD1,101,101,0
DTNA,465,218,247
DTNB,250,240,10
DTYMK,77,77,0
DUOX1,686,684,2
DUOX2,771,771,0
DUPD1,149,149,0
DUS1L,195,195,0
DUS2,201,201,0
DUS3L,313,313,0
DUS4L,118,118,0
DUSP1,136,136,0
DUSP10,264,262,2
DUSP11,140,23,117
DUSP12,110,110,0
DUSP13,156,48,108
DUSP14,79,79,0
DUSP15,83,14,69
DUSP16,287,287,0
DUSP19,90,90,0
DUSP2,156,156,0
DUSP21,133,133,0
DUSP22,207,204,3
DUSP23,58,58,0
DUSP26,160,160,0
DUSP27,958,807,151
DUSP28,52,52,0
DUSP3,70,69,1
DUSP4,181,170,11
DUSP5,179,179,0
DUSP6,165,157,8
DUSP7,153,152,1
DUSP8,192,192,0
DUSP9,150,150,0
DUT,64,64,0
DXO,139,139,0
DYNC1H1,1835,1835,0
DYNC1LI1,178,178,0
DYNC1LI2,174,172,2
DYNC2H1,1725,1303,422
DYRK1A,392,380,12
DYRK1B,295,295,0
DYRK2,269,261,8
DYRK3,273,260,13
DYRK4,306,296,10
DYSF,1457,123,1334
DYTN,361,361,0
EARS2,205,205,0
ECE1,347,338,9
ECEL1,395,393,2
ECH1,131,131,0
ECHS1,142,142,0
ECI1,132,130,2
ECI2,173,169,4
EDEM3,377,375,2
EDIL3,399,399,0
EEA1,420,420,0
EEF1A1,272,265,7
EEF1A2,305,305,0
EEF1AKMT3,92,92,0
EEF1AKMT4,2,2,0
EEF1AKMT4-ECE2,4,4,0
EEF2,437,437,0
EEF2K,373,373,0
EEF2KMT,143,143,0
EEFSEC,280,280,0
EFCAB1,130,130,0
EFCAB11,62,62,0
EFCAB3,244,40,204
EFCAB5,610,607,3
EFCAB6,788,771,17
EFCAB7,221,221,0
EFCAB9,46,46,0
EFHB,436,433,3
EFHD1,104,101,3
EFHD2,83,83,0
EFL1,409,409,0
EFTUD2,373,372,1
EGFR,4179,2001,2178
EGLN1,139,139,0
EGLN2,180,179,1
EGLN3,116,116,0
EHD1,290,289,1
EHD2,317,316,1
EHD3,345,345,0
EHD4,238,238,0
EHHADH,347,330,17
EHMT1,629,621,8
EHMT2,446,440,6
EIF2AK1,335,325,10
EIF2AK2,219,218,1
EIF2AK3,509,480,29
EIF2AK4,578,574,4
EIF2S3,149,149,0
EIF4A1,196,196,0
EIF4A2,367,261,106
EIF4A3,163,163,0
EIF4E,153,93,60
EIF4E1B,132,132,0
EIF4E2,103,102,1
EIF4E3,61,61,0
EIF5,197,197,0
EIF5B,437,437,0
ELAC1,106,106,0
ELANE,164,164,0
ELOVL7,125,125,0
ELP3,207,207,0
EMG1,82,25,57
ENDOG,76,76,0
ENDOU,144,144,0
ENDOV,111,111,0
ENO1,187,187,0
ENO2,161,161,0
ENO3,171,171,0
ENO4,64,11,53
ENOPH1,102,101,1
ENOSF1,199,23,176
ENPEP,636,636,0
ENPP1,423,423,0
ENPP2,579,247,332
ENPP3,440,439,1
ENPP4,211,211,0
ENPP5,252,252,0
ENPP6,246,246,0
ENPP7,286,285,1
ENTPD1,203,23,180
ENTPD2,199,199,0
ENTPD3,204,204,0
ENTPD4,249,249,0
ENTPD5,154,154,0
ENTPD6,248,242,6
ENTPD7,209,209,0
ENTPD8,215,215,0
EP300,1946,1946,0
EP400,2140,489,1651
EPHA1,512,512,0
EPHA2,596,596,0
EPHA3,1399,1398,1
EPHA4,647,610,37
EPHA5,2342,1438,904
EPHA6,1248,155,1093
EPHA7,1145,1143,2
EPHA8,665,660,5
EPHB1,1265,1087,178
EPHB2,640,359,281
EPHB3,544,544,0
EPHB4,582,575,7
EPHB6,954,735,219
EPHX1,245,245,0
EPHX2,257,254,3
EPHX3,157,157,0
EPHX4,185,185,0
EPM2A,138,135,3
EPN1,313,72,241
EPN2,289,281,8
EPN3,260,259,1
EPRS,567,567,0
EPS15,352,341,11
EPS15L1,397,394,3
EPX,428,428,0
ERAL1,160,160,0
ERAP1,279,277,2
ERAP2,333,331,2
ERAS,106,106,0
ERBB2,2705,1157,1548
ERBB3,2080,1106,974
ERBB4,3454,1962,1492
ERCC2,860,584,276
ERCC3,646,450,196
ERCC5,985,761,224
ERCC6L,414,405,9
ERCC6L2,245,20,225
ERI2,174,170,4
ERI3,155,155,0
ERMP1,247,245,2
ERN1,434,434,0
ERN2,624,84,540
ERO1A,162,162,0
ERO1B,163,163,0
ESCO1,296,296,0
ESD,107,107,0
ESPL1,844,844,0
ESR1,985,637,348
ESYT1,391,193,198
ESYT2,335,22,313
ESYT3,362,362,0
ETFA,102,102,0
ETFB,137,49,88
ETFDH,224,221,3
ETHE1,100,100,0
EXD2,212,211,1
EXO1,408,408,0
EXO5,138,138,0
EXOG,152,146,6
EXOSC10,333,333,0
EXT1,409,409,0
EXT2,504,119,385
EXTL2,128,128,0
EXTL3,408,408,0
EYA1,474,458,16
EYA2,364,364,0
EYA3,172,170,2
EYA4,485,474,11
F10,282,282,0
F11,321,319,2
F13A1,537,537,0
F2,355,355,0
F5,1423,1338,85
F7,261,261,0
F7,261,261,0
F7,261,261,0
F7,261,261,0
F9,314,314,0
FA2H,130,129,1
FAAH,232,89,143
FAAH,232,89,143
FAAH,232,89,143
FAAH,232,89,143
FAAH2,292,292,0
FAAP20,99,82,17
FABP12,76,76,0
FABP2,61,61,0
FABP3,65,65,0
FABP4,62,62,0
FABP5,47,47,0
FABP7,60,60,0
FAH,207,199,8
FAHD1,83,8,75
FAHD2A,119,119,0
FAHD2B,109,109,0
FAM111A,222,222,0
FAM111B,284,281,3
FAM172A,160,159,1
FAM20B,162,162,0
FAM20C,220,220,0
FAM86B1,91,91,0
FAM86B2,66,66,0
FAN1,21,21,0
FANCL,200,103,97
FANCM,1106,986,120
FANCM,1106,986,120
FANCM,1106,986,120
FANCM,1106,986,120
FAP,455,453,2
FARS2,212,212,0
FARSA,236,233,3
FARSB,249,247,2
FASN,1211,1192,19
FBH1,491,56,435
FBL,156,156,0
FBLL1,80,80,0
FBP1,161,161,0
FBP2,177,177,0
FBXL19,262,260,2
FBXL5,225,225,0
FBXO2,102,102,0
FBXO43,337,337,0
FBXO5,162,160,2
FCER2,154,151,3
FCN1,257,257,0
FCN2,238,235,3
FCN3,134,134,0
FDFT1,157,148,9
FDPS,196,196,0
FDX1,49,49,0
FDX2,88,87,1
FDXR,243,54,189
FECH,183,46,137
FEM1B,194,194,0
FEN1,106,106,0
FER,339,324,15
FER1L5,26,10,16
FER1L6,1231,1231,0
FERMT2,258,215,43
FES,388,340,48
FGA,665,665,0
FGD1,406,406,0
FGD2,375,375,0
FGD3,367,365,2
FGD4,308,303,5
FGD5,816,812,4
FGD6,552,552,0
FGF1,81,80,1
FGF2,103,100,3
FGFR1,1830,373,1457
FGFR2,3121,749,2372
FGFR3,1512,670,842
FGFR4,942,657,285
FGG,300,299,1
FGR,249,246,3
FH,287,287,0
FHIT,107,101,6
FIBCD1,270,269,1
FICD,188,188,0
FIGN,538,538,0
FIGNL1,271,271,0
FITM1,136,135,1
FITM2,96,96,0
FKBP10,272,272,0
FKBP14,79,79,0
FKBP7,85,85,0
FKBP8,218,116,102
FKBP9,309,253,56
FKRP,232,232,0
FLG,3980,3980,0
FLG2,1835,1835,0
FLOT1,147,9,138
FLT1,1578,1144,434
FLT3,1851,1670,181
FLT4,1251,1240,11
FLVCR1,180,180,0
FLVCR2,228,228,0
FMO1,367,366,1
FMO2,294,294,0
FMO3,353,347,6
FMO3,353,347,6
FMO3,353,347,6
FMO3,353,347,6
FMO4,277,277,0
FMO5,222,222,0
FMO6P,122,122,0
FN3K,123,123,0
FN3KRP,137,137,0
FNIP1,447,421,26
FNTB,138,138,0
FOLH1,504,496,8
FOLR1,126,126,0
FOLR2,113,110,3
FOLR3,153,76,77
FOXK2,295,295,0
FPGS,214,213,1
FRK,266,259,7
FRRS1,221,209,12
FSTL4,424,423,1
FSTL5,816,805,11
FTCD,294,293,1
FTH1,3,2,1
FTHL17,156,156,0
FTL,69,69,0
FTMT,281,281,0
FTO,196,192,4
FTSJ1,124,124,0
FTSJ3,327,327,0
FUK,417,416,1
FUOM,50,50,0
FURIN,368,368,0
FUT9,324,324,0
FYCO1,590,590,0
FYN,485,341,144
FZD8,319,319,0
G6PC,210,210,0
G6PC2,188,188,0
G6PC3,111,111,0
G6PD,273,45,228
GAA,474,474,0
GABBR1,491,489,2
GABRA1,451,451,0
GABRA2,479,473,6
GABRA3,345,345,0
GABRA4,447,447,0
GABRA5,438,438,0
GABRA6,536,486,50
GABRB1,376,376,0
GABRB2,413,413,0
GABRB3,485,478,7
GABRR1,264,261,3
GABRR2,219,217,2
GAD1,310,310,0
GAD2,470,469,1
GAK,652,644,8
GALC,296,291,5
GALE,127,127,0
GALK1,138,138,0
GALK2,201,195,6
GALM,128,128,0
GALNS,257,253,4
GALNT1,227,226,1
GALNT10,269,269,0
GALNT11,237,237,0
GALNT12,245,245,0
GALNT13,532,532,0
GALNT14,375,52,323
GALNT15,406,406,0
GALNT16,267,267,0
GALNT17,719,707,12
GALNT18,297,297,0
GALNT2,295,295,0
GALNT3,242,241,1
GALNT4,197,197,0
GALNT5,430,430,0
GALNT6,327,327,0
GALNT7,251,251,0
GALNT8,423,422,1
GALNT9,158,13,145
GALNTL5,258,258,0
GALNTL6,440,434,6
GALT,223,161,62
GAMT,93,80,13
GANAB,424,124,300
GANC,338,337,1
GAPDH,142,142,0
GAPDHS,185,185,0
GARS,240,240,0
GART,354,354,0
GAS6,309,298,11
GATM,181,181,0
GBA1,44,44,0
GBE1,338,335,3
GBGT1,177,177,0
GBP1,258,258,0
GBP2,247,247,0
GBP3,231,231,0
GBP4,326,326,0
GBP5,274,274,0
GBP6,341,337,4
GBP7,286,286,0
GC,7,1,6
GCA,95,94,1
GCAT,209,57,152
GCDH,221,219,2
GCH1,69,69,0
GCK,299,16,283
GCKR,327,323,4
GCM1,214,214,0
GCM2,284,284,0
GCNT1,237,237,0
GDA,241,241,0
GDE1,104,104,0
GDPD1,124,124,0
GDPD2,237,205,32
GDPD3,141,141,0
GDPD4,242,240,2
GDPGP1,147,147,0
GEM,172,172,0
GEN1,362,362,0
GFER,61,61,0
GFM1,288,287,1
GFM2,245,243,2
GFPT1,250,250,0
GFPT2,359,359,0
GGACT,50,50,0
GGCT,71,71,0
GGCX,282,280,2
GGH,150,150,0
GGPS1,105,104,1
GGT1,243,243,0
GGT2,63,61,2
GGT5,350,258,92
GGTLC1,160,160,0
GGTLC2,89,89,0
GH1,125,125,0
GIMAP1,304,304,0
GIMAP2,190,190,0
GIMAP4,244,243,1
GIMAP5,239,239,0
GIMAP6,290,288,2
GIMAP7,221,221,0
GIMAP8,471,471,0
GJB2,116,116,0
GK,206,98,108
GK2,401,93,308
GK5,155,155,0
GLB1,290,281,9
GLB1L,250,250,0
GLB1L2,357,357,0
GLB1L3,380,380,0
GLCE,201,200,1
GLO1,64,64,0
GLRA1,267,264,3
GLRA2,283,282,1
GLRA3,322,321,1
GLRB,356,356,0
GLRX2,53,6,47
GLRX3,130,130,0
GLRX5,42,42,0
GLS,196,196,0
GLS2,228,227,1
GLT6D1,199,199,0
GLTP,103,103,0
GLUD1,180,178,2
GLUD2,356,356,0
GLUL,191,191,0
GLYR1,257,252,5
GMDS,169,167,2
GMEB1,178,177,1
GMEB2,254,253,1
GMPPA,195,195,0
GMPPB,130,115,15
GMPR,147,147,0
GMPR2,127,18,109
GMPS,301,289,12
GNA11,277,277,0
GNA12,158,152,6
GNA13,467,397,70
GNA14,174,174,0
GNA15,176,175,1
GNAI1,154,153,1
GNAI2,221,178,43
GNAI3,121,121,0
GNAL,177,36,141
GNAO1,172,164,8
GNAQ,368,296,72
GNAT1,171,171,0
GNAT2,116,116,0
GNAT3,174,174,0
GNAT3,174,174,0
GNAT3,174,174,0
GNAT3,174,174,0
GNAZ,231,231,0
GNE,236,25,211
GNL1,221,221,0
GNL2,277,277,0
GNL3,187,182,5
GNL3L,271,271,0
GNMT,90,90,0
GNPDA1,89,89,0
GNPDA2,107,107,0
GNPNAT1,59,59,0
GNPTAB,462,462,0
GNS,195,192,3
GOLPH3,113,113,0
GOLPH3L,105,105,0
GORASP1,150,148,2
GOT1,156,154,2
GOT2,159,158,1
GPAM,327,327,0
GPCPD1,231,231,0
GPD1,158,158,0
GPD1L,150,150,0
GPD2,276,270,6
GPI,237,25,212
GPN1,150,20,130
GPN2,4,2,2
GPN3,99,24,75
GPR155,329,329,0
GPR158,1006,1006,0
GPR183,160,160,0
GPR39,287,287,0
GPSM2,220,220,0
GPX2,74,74,0
GPX4,67,67,0
GPX7,88,88,0
GPX8,77,76,1
GRHPR,142,142,0
GRIA1,822,73,749
GRIA2,742,720,22
GRIA3,555,552,3
GRIA4,633,633,0
GRID1,827,815,12
GRID2,881,860,21
GRIK1,558,555,3
GRIK2,1009,846,163
GRIK3,702,702,0
GRIK4,547,547,0
GRIN1,373,126,247
GRIN2A,3023,1903,1120
GRIN2B,1192,1192,0
GRIN2C,457,457,0
GRIN2D,471,471,0
GRIN3A,828,828,0
GRIN3B,417,417,0
GRK1,223,223,0
GRK2,305,305,0
GRK3,294,294,0
GRK4,251,241,10
GRK5,297,296,1
GRK6,265,251,14
GRK7,349,349,0
GRM1,1013,1012,1
GRM2,438,438,0
GRM3,1042,856,186
GRM4,627,592,35
GRM5,857,854,3
GRM6,641,641,0
GRM7,834,830,4
GRM8,1072,997,75
GSDMA,226,226,0
GSK3A,171,167,4
GSK3B,240,177,63
GSN,339,310,29
GSPT1,189,48,141
GSPT2,308,308,0
GSR,219,212,7
GSS,174,174,0
GSTA1,144,144,0
GSTA2,137,137,0
GSTA3,121,121,0
GSTA4,82,82,0
GSTA5,133,133,0
GSTK1,114,79,35
GSTM1,59,57,2
GSTM2,97,97,0
GSTM3,86,86,0
GSTM4,97,97,0
GSTM5,165,145,20
GSTO1,66,65,1
GSTO2,110,104,6
GSTP1,106,104,2
GSTT1,58,58,0
GSTT2,30,29,1
GSTT2B,22,22,0
GSTZ1,88,81,7
GTF2A1,136,136,0
GTF2B,99,99,0
GTF2E1,187,187,0
GTF2F1,249,246,3
GTF2F2,79,79,0
GTPBP1,262,262,0
GTPBP10,144,144,0
GTPBP2,227,227,0
GTPBP3,237,109,128
GTPBP4,264,260,4
GUCA1A,117,115,2
GUCA1B,94,94,0
GUCA1C,153,153,0
GUCY1B1,323,321,2
GUF1,244,244,0
GUK1,106,20,86
GUSB,323,319,4
GYG1,126,126,0
GYG2,205,200,5
GYS1,317,314,3
GYS2,458,458,0
GZMA,164,164,0
GZMB,150,142,8
GZMH,139,137,2
GZMK,162,162,0
GZMM,112,110,2
H2AFY,151,98,53
H6PD,368,364,4
HAAO,127,127,0
HABP2,333,308,25
HACD1,115,115,0
HACD2,68,68,0
HACD3,112,112,0
HACD4,87,87,0
HACE1,388,388,0
HACL1,202,202,0
HADH,125,96,29
HADHA,240,238,2
HADHB,172,170,2
HAGH,121,121,0
HAO1,294,294,0
HAO2,219,219,0
HAP1,303,196,107
HARBI1,158,158,0
HARS,183,183,0
HARS1,4,4,0
HARS2,150,94,56
HASPIN,282,282,0
HAT1,160,156,4
HAVCR2,206,206,0
HBA1,32,32,0
HBA2,31,31,0
HBB,142,142,0
HBD,142,139,3
HBE1,133,133,0
HBG1,58,58,0
HBG2,113,112,1
HBM,42,42,0
HBQ1,48,48,0
HBS1L,241,236,5
HBZ,37,37,0
HCK,396,361,35
HCN1,1118,1118,0
HCN2,289,289,0
HCN3,337,337,0
HCN4,664,664,0
HCRTR1,180,180,0
HCRTR2,379,379,0
HDAC1,195,189,6
HDAC10,256,242,14
HDAC11,158,158,0
HDAC2,200,188,12
HDAC3,177,177,0
HDAC4,648,618,30
HDAC5,411,58,353
HDAC6,525,509,16
HDAC7,412,58,354
HDAC8,144,140,4
HDAC9,1300,317,983
HDC,397,397,0
HDDC2,85,85,0
HDDC3,45,44,1
HDGF,138,19,119
HDHD2,80,80,0
HECTD1,913,906,7
HECTD2,266,266,0
HECTD3,289,289,0
HECTD4,1659,240,1419
HECW1,1354,1321,33
HECW2,997,982,15
HELLS,280,277,3
HELQ,451,436,15
HELZ,720,716,4
HELZ2,1290,76,1214
HEMK1,119,119,0
HENMT1,165,165,0
HEPH,842,112,730
HEPHL1,679,679,0
HERC1,1690,1690,0
HERC2,2204,2204,0
HERC3,378,376,2
HERC4,379,370,9
HERC5,400,398,2
HERC6,386,384,2
HEXA,258,255,3
HEXB,166,166,0
HEXD,270,222,48
HFM1,780,777,3
HGD,284,284,0
HGFAC,373,373,0
HGS,352,352,0
HGSNAT,295,21,274
HHAT,274,37,237
HHIP,443,443,0
HIBADH,129,129,0
HIBCH,122,122,0
HIF1AN,132,132,0
HINT1,46,46,0
HINT2,54,54,0
HINT3,49,49,0
HIPK1,529,501,28
HIPK2,593,554,39
HIPK3,423,420,3
HIPK4,315,315,0
HK1,408,20,388
HK2,448,445,3
HK3,521,521,0
HKDC1,524,524,0
HLA-A,457,438,19
HLA-B,392,383,9
HLA-C,302,296,6
HLA-DRB1,240,240,0
HLA-E,150,150,0
HLA-F,157,157,0
HLA-G,243,236,7
HLTF,366,366,0
HM13,155,145,10
HMCES,122,120,2
HMGB1,87,87,0
HMGCL,123,123,0
HMGCLL1,300,300,0
HMGCR,272,272,0
HMGCS1,195,195,0
HMGCS2,280,279,1
HMOX1,144,144,0
HMOX2,145,145,0
HNMT,120,120,0
HNRNPU,319,319,0
HOGA1,146,146,0
HPCA,81,81,0
HPCAL1,133,133,0
HPCAL4,110,110,0
HPD,229,227,2
HPDL,116,116,0
HPF1,101,100,1
HPGD,105,105,0
HPGDS,90,90,0
HPN,237,237,0
HPRT1,73,73,0
HPSE,226,224,2
HPX,234,234,0
HR,506,506,0
HRAS,239,232,7
HRASLS,90,52,38
HRASLS2,82,82,0
HRASLS5,152,152,0
HRH1,281,281,0
HRNR,1842,1842,0
HS2ST1,142,142,0
HS3ST1,225,225,0
HS3ST2,272,272,0
HS3ST3A1,217,217,0
HS3ST3B1,159,159,0
HS3ST4,337,337,0
HS3ST5,267,267,0
HS3ST6,160,12,148
HS6ST1,144,144,0
HS6ST2,307,173,134
HS6ST3,306,304,2
HSCB,91,90,1
HSD11B1,151,151,0
HSD11B1L,102,102,0
HSD11B2,139,139,0
HSD17B1,136,134,2
HSD17B10,87,87,0
HSD17B11,91,88,3
HSD17B12,114,113,1
HSD17B13,136,136,0
HSD17B14,132,131,1
HSD17B2,197,197,0
HSD17B3,163,163,0
HSD17B4,294,30,264
HSD17B6,144,144,0
HSD17B7,103,103,0
HSD17B8,90,90,0
HSD3B1,223,220,3
HSD3B2,241,241,0
HSD3B7,152,151,1
HSDL1,113,112,1
HSDL2,131,128,3
HSP90AA1,429,108,321
HSP90AB1,333,333,0
HSP90B1,297,297,0
HSPA1A,124,124,0
HSPA1B,57,56,1
HSPA1L,387,387,0
HSPA2,346,346,0
HSPA5,212,212,0
HSPA6,302,302,0
HSPA8,392,375,17
HSPB11,45,45,0
HSPD1,208,208,0
HSPG2,1957,1956,1
HTATIP2,95,21,74
HTN3,33,33,0
HTR1A,466,466,0
HTR1B,287,287,0
HTR1D,195,195,0
HTR1E,314,314,0
HTR1F,252,252,0
HTR2A,304,301,3
HTR2B,155,155,0
HTR2C,362,361,1
HTR4,272,258,14
HTR5A,369,369,0
HTR6,233,233,0
HTR7,289,289,0
HTRA1,205,205,0
HTRA2,162,162,0
HTRA3,225,225,0
HTRA4,164,164,0
HTT,1207,966,241
HUNK,350,350,0
HUWE1,1859,1824,35
HYAL1,190,190,0
HYAL2,179,179,0
HYAL3,168,14,154
HYAL4,296,296,0
HYI,83,83,0
HYKK,148,148,0
IAH1,102,101,1
IARS,439,436,3
IARS1,5,5,0
IARS2,413,411,2
ICK,251,251,0
ICMT,88,88,0
IDE,322,322,0
IDH1,325,325,0
IDH2,626,321,305
IDH3A,131,131,0
IDH3G,155,155,0
IDI1,99,25,74
IDI2,102,102,0
IDNK,59,59,0
IDO1,241,241,0
IDO2,264,30,234
IDS,420,270,150
IDUA,222,220,2
IFIH1,437,437,0
IFT22,80,80,0
IFT27,71,71,0
IGF1R,1057,943,114
IGHMBP2,469,468,1
IHH,217,217,0
IKBKB,549,385,164
IKBKE,575,462,113
IKBKG,56,13,43
IL18R1,303,303,0
IL18RAP,395,392,3
IL1R1,274,272,2
IL1RAP,282,244,38
IL1RAPL1,522,521,1
IL1RAPL2,446,443,3
IL1RL1,355,354,1
IL1RL2,318,317,1
IL4I1,290,32,258
ILK,188,169,19
ILKAP,180,180,0
ILVBL,252,252,0
IMMP2L,110,109,1
IMP3,62,7,55
IMP4,4,1,3
IMPA1,122,31,91
IMPA2,127,127,0
IMPAD1,140,140,0
IMPDH1,273,72,201
IMPDH2,201,201,0
ING1,252,246,6
ING2,94,94,0
ING3,158,158,0
ING4,134,106,28
ING5,106,103,3
INMT,180,177,3
INO80,603,603,0
INPP1,149,149,0
INPP4A,687,520,167
INPP5B,353,104,249
INSR,921,814,107
INSRR,819,819,0
IP6K1,164,160,4
IP6K2,172,164,8
IP6K3,237,237,0
IPMK,162,162,0
IQCA1,458,453,5
IRAK1,308,289,19
IRAK2,286,286,0
IRAK3,308,298,10
IRAK4,194,188,6
IREB2,377,376,1
IRGC,354,354,0
IRGM,49,49,0
ISCA1,32,32,0
ISCA2,47,47,0
ISCU,59,59,0
ISG20,68,68,0
ISYNA1,205,205,0
ITCH,385,363,22
ITGA1,503,503,0
ITGA10,606,575,31
ITGA11,602,602,0
ITGA2,519,519,0
ITGA2B,489,486,3
ITGA3,422,401,21
ITGA4,671,670,1
ITGA5,458,458,0
ITGA6,418,116,302
ITGA7,590,160,430
ITGA8,853,853,0
ITGA9,517,517,0
ITGAD,720,720,0
ITGAE,531,531,0
ITGAL,663,650,13
ITGAM,691,326,365
ITGAV,478,457,21
ITGAX,761,761,0
ITGB1,294,294,0
ITGB1BP2,139,139,0
ITGB2,507,492,15
ITGB3,415,404,11
ITGB4,970,944,26
ITGB5,375,375,0
ITGB6,372,372,0
ITGB7,291,291,0
ITGB8,402,401,1
ITK,456,456,0
ITLN1,227,227,0
ITLN2,166,166,0
ITPA,91,88,3
ITPK1,204,204,0
ITPKA,144,144,0
ITPKB,619,619,0
ITPKC,273,273,0
ITPR1,1233,237,996
ITPR2,1123,1123,0
ITPR3,1194,1194,0
ITSN1,838,781,57
ITSN2,690,675,15
IVD,169,169,0
IYD,164,146,18
JAK1,908,908,0
JAK2,1337,926,411
JAK3,922,919,3
JMJD1C,967,939,28
JMJD4,223,46,177
JMJD6,154,154,0
JMJD7,126,126,0
JOSD1,70,70,0
JOSD2,72,72,0
KALRN,1079,992,87
KARS,273,32,241
KAT2A,320,320,0
KAT2B,335,335,0
KAT5,238,31,207
KAT6A,956,955,1
KAT6B,1093,964,129
KAT7,300,275,25
KAT8,232,220,12
KATNA1,194,194,0
KATNAL1,191,191,0
KATNAL2,210,19,191
KCMF1,156,156,0
KCNAB1,242,242,0
KCNAB2,171,23,148
KCNAB3,140,140,0
KCNC1,396,394,2
KCNC2,542,542,0
KCNC3,306,305,1
KCNC4,359,359,0
KCND1,310,310,0
KCND2,622,622,0
KCND3,470,470,0
KCNH3,506,506,0
KCNH5,848,845,3
KCNIP1,207,161,46
KCNIP2,116,40,76
KCNIP3,154,150,4
KCNIP4,148,148,0
KCNJ1,234,230,4
KCNJ10,228,228,0
KCNJ11,198,196,2
KCNJ12,564,564,0
KCNJ2,269,269,0
KCNK10,430,47,383
KCNK12,121,121,0
KCNK13,281,281,0
KCNK16,190,154,36
KCNK17,192,192,0
KCNK18,278,278,0
KCNK2,316,60,256
KCNK3,217,217,0
KCNK4,159,159,0
KCNK5,290,290,0
KCNK6,145,145,0
KCNK9,327,327,0
KCNMA1,699,416,283
KCNQ1,371,352,19
KCNQ2,619,596,23
KCNQ3,945,777,168
KCNQ4,334,333,1
KCNQ5,580,265,315
KCNT1,766,57,709
KDM1A,280,59,221
KDM1B,228,88,140
KDM2A,456,434,22
KDM2B,686,652,34
KDM3A,495,488,7
KDM3B,769,748,21
KDM4A,395,395,0
KDM4B,569,558,11
KDM4C,468,425,43
KDM4D,281,281,0
KDM4E,177,177,0
KDM5A,930,930,0
KDM5B,700,673,27
KDM5C,2237,1115,1122
KDM5D,210,201,9
KDM6A,5079,1648,3431
KDM6B,780,779,1
KDM7A,375,375,0
KDM8,211,38,173
KDR,1490,1490,0
KDSR,107,106,1
KEL,595,595,0
KHK,139,127,12
KIAA0391,193,190,3
KIAA0754,458,24,434
KIAA0895L,157,157,0
KIF11,294,294,0
KIF12,266,23,243
KIF13A,721,720,1
KIF13B,671,671,0
KIF14,622,622,0
KIF15,504,495,9
KIF16B,681,622,59
KIF17,602,599,3
KIF18A,360,360,0
KIF18B,369,366,3
KIF19,583,583,0
KIF1A,1008,346,662
KIF1B,897,221,676
KIF1C,430,430,0
KIF20A,289,289,0
KIF20B,618,270,348
KIF21A,778,770,8
KIF21B,976,974,2
KIF22,270,268,2
KIF23,288,287,1
KIF24,416,415,1
KIF25,237,237,0
KIF26A,851,840,11
KIF26B,1188,1176,12
KIF27,478,473,5
KIF2A,227,174,53
KIF2B,842,842,0
KIF2C,306,300,6
KIF3A,261,255,6
KIF3B,323,323,0
KIF3C,384,383,1
KIF4A,477,477,0
KIF4B,846,846,0
KIF5A,576,575,1
KIF5B,333,333,0
KIF5C,467,465,2
KIF6,497,485,12
KIF7,549,549,0
KIF9,326,324,2
KIFC1,298,298,0
KIFC2,319,318,1
KIFC3,331,318,13
KIT,1898,1898,0
KLK1,132,129,3
KLK10,131,131,0
KLK11,162,161,1
KLK12,172,165,7
KLK13,179,179,0
KLK14,156,156,0
KLK15,211,210,1
KLK2,161,159,2
KLK3,183,178,5
KLK4,168,168,0
KLK5,211,210,1
KLK6,170,169,1
KLK7,146,144,2
KLK8,201,58,143
KLK9,151,151,0
KLKB1,313,310,3
KMO,283,280,3
KMT2A,3424,1683,1741
KMT2B,1354,1353,1
KMT2C,4403,4077,326
KMT2D,5376,5304,72
KMT2E,816,771,45
KMT5A,171,18,153
KMT5B,411,408,3
KMT5C,186,185,1
KRAS,414,398,16
KSR1,453,47,406
KTI12,136,136,0
KTI12,136,136,0
KTI12,136,136,0
KTI12,136,136,0
KY,335,335,0
KYAT1,175,175,0
KYAT3,162,161,1
KYNU,282,282,0
L3HYPDH,101,101,0
L3MBTL1,445,425,20
L3MBTL2,259,259,0
L3MBTL4,393,391,2
LACC1,154,154,0
LACTB,130,130,0
LACTB2,119,119,0
LALBA,80,80,0
LANCL1,152,152,0
LAP3,219,218,1
LARGE1,441,441,0
LARGE2,280,274,6
LARS,433,415,18
LARS2,297,297,0
LAT2,120,5,115
LATS1,659,659,0
LATS2,713,713,0
LCAT,184,184,0
LCK,316,288,28
LCMT1,128,128,0
LCMT2,276,276,0
LCN2,91,91,0
LCP1,314,311,3
LCT,1213,1213,0
LDAH,130,130,0
LDHA,127,14,113
LDHAL6A,132,132,0
LDHAL6B,176,176,0
LDHB,141,141,0
LDHC,149,149,0
LECT2,81,81,0
LETM1,287,287,0
LFNG,173,144,29
LGALS1,61,61,0
LGALS2,75,75,0
LGALS3,78,78,0
LGALS4,182,182,0
LGALS7,11,11,0
LGALS7B,39,39,0
LGALS8,143,93,50
LGALS9,165,163,2
LGALS9B,113,76,37
LGALS9C,117,112,5
LGMN,187,187,0
LHPP,114,114,0
LIAS,137,137,0
LIG1,43,18,25
LIG3,394,394,0
LIG4,489,461,28
LIMD2,52,52,0
LIMK1,329,323,6
LIMK2,336,48,288
LIN28B,163,163,0
LIN54,235,235,0
LIPA,143,143,0
LIPC,252,248,4
LIPE,460,460,0
LIPF,221,19,202
LIPG,228,227,1
LIPH,220,220,0
LIPI,348,37,311
LIPK,153,153,0
LIPM,122,121,1
LIPN,166,166,0
LIPT1,113,113,0
LIPT2,51,51,0
LITAF,74,74,0
LMAN1,199,199,0
LMAN2,169,169,0
LMAN2L,152,78,74
LMLN,289,28,261
LMLN2,2,1,1
LMTK2,747,747,0
LMTK3,633,91,542
LNPEP,362,348,14
LONP1,413,407,6
LONP2,308,308,0
LOX,161,161,0
LOXL1,193,193,0
LOXL2,444,444,0
LOXL3,334,321,13
LOXL4,322,322,0
LPA,1235,1229,6
LPAR1,200,200,0
LPCAT1,275,275,0
LPCAT2,220,220,0
LPCAT3,165,165,0
LPCAT4,210,15,195
LPL,297,297,0
LPO,428,416,12
LRGUK,418,418,0
LRP1,34,34,0
LRP2,2834,2804,30
LRP8,360,358,2
LRRK1,965,936,29
LRRK2,1579,1578,1
LRTOMT,88,88,0
LSG1,260,260,0
LSS,305,300,5
LTA4H,177,177,0
LTBP2,902,901,1
LTC4S,30,30,0
LTF,423,409,14
LTK,413,350,63
LVRN,5,3,2
LYAR,164,163,1
LYG2,123,123,0
LYN,270,252,18
LYPLA1,71,66,5
LYPLA2,83,81,2
LYPLAL1,101,100,1
LYRM4,32,31,1
LYZ,68,68,0
LYZL2,116,36,80
LYZL6,90,90,0
MAB21L1,283,283,0
MACF1,2272,735,1537
MACROD1,109,109,0
MACROD2,296,290,6
MAG,415,409,6
MAGI3,598,587,11
MALT1,375,328,47
MAN1A1,303,302,1
MAN1A2,232,232,0
MAN1B1,295,284,11
MAN1C1,300,297,3
MAN2A1,490,490,0
MAN2A2,471,469,2
MAN2B1,473,471,2
MAN2B2,450,447,3
MAN2C1,433,273,160
MANBA,350,343,7
MAP2K1,393,338,55
MAP2K2,470,339,131
MAP2K3,321,310,11
MAP2K4,665,466,199
MAP2K5,196,179,17
MAP2K6,161,158,3
MAP2K7,305,273,32
MAP3K1,1412,1397,15
MAP3K10,463,463,0
MAP3K11,413,403,10
MAP3K12,407,74,333
MAP3K13,953,655,298
MAP3K14,11,11,0
MAP3K15,675,635,40
MAP3K19,809,765,44
MAP3K2,234,234,0
MAP3K20,13,13,0
MAP3K21,39,30,9
MAP3K3,315,64,251
MAP3K4,822,770,52
MAP3K5,666,627,39
MAP3K6,525,507,18
MAP3K7,300,282,18
MAP3K8,201,200,1
MAP3K9,1021,465,556
MAP4K1,428,414,14
MAP4K2,302,300,2
MAP4K3,440,377,63
MAP4K4,724,534,190
MAP4K5,245,244,1
MAPK1,201,184,17
MAPK10,267,245,22
MAPK11,144,143,1
MAPK12,162,155,7
MAPK13,178,169,9
MAPK14,160,153,7
MAPK15,267,265,2
MAPK3,276,209,67
MAPK4,422,417,5
MAPK6,231,231,0
MAPK7,353,340,13
MAPK8,185,181,4
MAPK9,190,185,5
MAPKAP1,207,201,6
MAPKAPK2,180,180,0
MAPKAPK3,162,162,0
MAPKAPK5,169,167,2
MARC1,152,152,0
MARCH1,185,182,3
MARCH10,421,417,4
MARCH2,124,124,0
MARCH3,93,93,0
MARCH4,292,292,0
MARCH5,92,92,0
MARCH6,376,371,5
MARCH7,264,262,2
MARCH8,138,136,2
MARCH9,117,117,0
MARK1,604,515,89
MARK2,427,396,31
MARK3,324,309,15
MARK4,399,389,10
MARS,341,340,1
MARS1,5,5,0
MARS2,235,235,0
MASP1,479,304,175
MASP2,349,349,0
MAST1,741,739,2
MAST2,736,697,39
MAST3,577,577,0
MAST4,1216,1125,91
MASTL,316,314,2
MAT1A,235,235,0
MAT2A,138,137,1
MAT2B,118,117,1
MATK,329,24,305
MB,57,57,0
MBD1,484,355,129
MBD4,231,221,10
MBLAC1,88,88,0
MBLAC2,79,79,0
MBOAT1,209,209,0
MBOAT2,166,166,0
MBOAT4,101,101,0
MBTD1,187,187,0
MBTPS1,446,446,0
MBTPS2,204,204,0
MCAT,125,125,0
MCCC1,310,300,10
MCEE,77,77,0
MCFD2,68,68,0
MCM2,438,438,0
MCM3,331,47,284
MCM4,368,368,0
MCM5,296,293,3
MCM6,313,313,0
MCM7,346,345,1
MCM8,356,333,23
MCM9,297,297,0
MCTP1,563,528,35
MCTP2,540,539,1
MCU,131,131,0
MDH1,121,13,108
MDH2,162,160,2
MDM2,1122,198,924
MDN1,2118,2118,0
MDP1,70,13,57
ME1,295,293,2
ME2,202,200,2
ME3,288,288,0
MECR,149,148,1
MED1,556,375,181
MELK,277,235,42
MELTF,354,354,0
MEP1A,432,428,4
MEP1B,321,321,0
MEPCE,270,270,0
MERTK,566,516,50
METAP1,129,129,0
METAP1D,134,134,0
METAP2,153,153,0
METTL1,111,111,0
METTL11B,144,144,0
METTL15,129,129,0
METTL16,200,200,0
METTL17,175,163,12
METTL18,126,126,0
METTL21A,81,80,1
METTL21C,145,145,0
METTL2A,149,148,1
METTL2B,167,162,5
METTL3,211,210,1
METTL5,60,60,0
METTL6,94,94,0
METTL8,144,144,0
METTL9,106,106,0
MFN1,280,277,3
MFN2,307,307,0
MFNG,163,154,9
MGAM,1462,1391,71
MGAM2,1,1,0
MGAT1,229,229,0
MGAT2,146,146,0
MGAT5,330,330,0
MGLL,150,11,139
MGME1,121,119,2
MGMT,145,34,111
MGST1,79,79,0
MIB1,381,381,0
MIB2,472,81,391
MICAL1,394,389,5
MICAL2,565,553,12
MICAL3,900,900,0
MICALCL,318,19,299
MICU1,133,133,0
MICU2,152,152,0
MICU3,227,227,0
MID2,311,311,0
MIEF1,203,203,0
MIF,48,48,0
MINDY1,187,30,157
MINDY2,191,191,0
MINDY3,193,193,0
MINDY4,338,338,0
MINK1,514,500,14
MINPP1,165,165,0
MIOS,346,346,0
MIOX,154,154,0
MIP,2,2,0
MIPEP,249,249,0
MIS18A,65,65,0
MKI67,1721,1600,121
MKKS,209,209,0
MKNK1,202,180,22
MKNK2,194,190,4
MLEC,124,124,0
MLH1,1176,696,480
MLK4,594,585,9
MLKL,213,209,4
MLTK,308,303,5
MLYCD,178,178,0
MMAA,160,160,0
MMAB,104,96,8
MMACHC,124,124,0
MME,510,510,0
MMEL1,407,398,9
MMP1,235,235,0
MMP10,250,250,0
MMP11,211,211,0
MMP12,1,1,0
MMP13,284,284,0
MMP14,246,246,0
MMP15,297,297,0
MMP16,675,675,0
MMP17,356,346,10
MMP19,245,245,0
MMP2,491,434,57
MMP20,263,263,0
MMP21,248,248,0
MMP23B,18,18,0
MMP24,273,273,0
MMP25,243,21,222
MMP26,218,218,0
MMP27,282,282,0
MMP28,58,58,0
MMP3,259,259,0
MMP7,115,115,0
MMP8,251,251,0
MMP9,392,392,0
MMUT,340,340,0
MOB1A,60,60,0
MOB1B,75,8,67
MOB2,104,14,90
MOB3A,100,100,0
MOB3B,101,101,0
MOB3C,126,25,101
MOB4,74,74,0
MOCOS,365,365,0
MOCS1,210,183,27
MOCS3,210,210,0
MOGS,318,313,5
MOK,172,156,16
MORC1,15,11,4
MORC2,402,29,373
MORC3,365,365,0
MORC4,381,381,0
MOS,249,249,0
MOV10,397,397,0
MOV10L1,577,572,5
MOXD1,320,317,3
MPI,143,143,0
MPND,147,146,1
MPO,493,489,4
MPP5,225,223,2
MPPE1,145,140,5
MPPED2,233,233,0
MPST,126,20,106
MR1,180,15,165
MRAS,123,120,3
MRE11,600,411,189
MRI1,127,127,0
MRM2,120,120,0
MRM3,156,156,0
MRPL32,95,95,0
MSH2,1265,850,415
MSH3,572,572,0
MSH4,557,557,0
MSH5,307,240,67
MSH5,307,240,67
MSH5,307,240,67
MSH5,307,240,67
MSH6,2743,1203,1540
MSL2,13,8,5
MSRA,133,133,0
MSRB1,44,44,0
MSRB2,74,74,0
MSRB3,122,121,1
MST1,387,117,270
MST1R,962,726,236
MST4,199,179,20
MT-CO1,85,85,0
MT-CO2,42,42,0
MT-CYB,101,101,0
MT1A,22,22,0
MT1B,22,22,0
MT1E,28,28,0
MT1F,23,23,0
MT1G,28,6,22
MT1H,41,41,0
MT1HL1,37,37,0
MT1M,42,42,0
MT1X,24,24,0
MT2A,22,22,0
MT3,26,26,0
MT4,38,38,0
MTAP,134,123,11
MTF1,308,32,276
MTG1,143,142,1
MTG2,214,214,0
MTHFD1,333,328,5
MTHFD1L,386,384,2
MTHFD2,122,122,0
MTHFD2L,133,131,2
MTHFR,346,329,17
MTHFS,90,89,1
MTIF2,284,284,0
MTM1,291,289,2
MTMR1,302,297,5
MTMR14,250,250,0
MTMR2,222,222,0
MTMR3,441,431,10
MTMR4,466,465,1
MTMR6,261,261,0
MTMR7,300,300,0
MTMR8,377,376,1
MTNR1A,242,242,0
MTNR1B,294,294,0
MTO1,245,129,116
MTOR,1998,1736,262
MTPAP,237,236,1
MTR,529,525,4
MTREX,365,364,1
MTRR,377,41,336
MUC2,1694,917,777
MUC5AC,7,6,1
MUC5B,3064,3007,57
MUSK,576,555,21
MUTYH,1286,412,874
MVD,177,177,0
MVK,180,180,0
MX1,332,312,20
MX2,336,336,0
MYBPC3,587,585,2
MYCBP2,1785,165,1620
MYH1,1567,1567,0
MYH10,793,176,617
MYH11,1194,316,878
MYH13,1312,1312,0
MYH14,1062,271,791
MYH15,1077,76,1001
MYH2,1515,1513,2
MYH3,935,935,0
MYH4,1388,1388,0
MYH6,1244,1244,0
MYH7,1316,1316,0
MYH7B,916,912,4
MYH8,1453,1453,0
MYH9,1082,1082,0
MYL10,133,133,0
MYL11,1,1,0
MYL12A,70,70,0
MYL12B,57,57,0
MYL2,134,133,1
MYL5,74,74,0
MYL7,87,87,0
MYL9,96,96,0
MYLIP,188,186,2
MYLK,1076,1035,41
MYLK2,359,359,0
MYLK3,458,452,6
MYLK4,224,218,6
MYLPF,71,71,0
MYO10,1011,985,26
MYO15A,1705,1690,15
MYO15B,38,1,37
MYO16,1307,1286,21
MYO18A,808,805,3
MYO18B,1757,1737,20
MYO19,386,383,3
MYO1A,525,521,4
MYO1B,495,478,17
MYO1C,431,425,6
MYO1D,367,366,1
MYO1E,424,424,0
MYO1F,644,644,0
MYO1G,455,455,0
MYO1H,496,248,248
MYO3A,1212,1212,0
MYO3B,812,786,26
MYO5A,723,723,0
MYO5B,924,920,4
MYO5C,710,707,3
MYO6,519,409,110
MYO7A,1093,1085,8
MYO7B,1138,1125,13
MYO9A,977,961,16
MYO9B,847,847,0
MYOC,331,331,0
MYOF,862,862,0
MYORG,335,21,314
MYSM1,252,252,0
MYT1,683,386,297
MYT1L,1042,520,522
N4BP2,596,596,0
N6AMT1,122,117,5
NAA40,89,89,0
NAA50,52,52,0
NAA60,109,107,2
NAA80,130,29,101
NAAA,133,133,0
NAALAD2,499,497,2
NAALADL1,337,332,5
NADSYN1,333,332,1
NAGA,197,197,0
NAGK,159,37,122
NAGS,159,159,0
NAIP,141,141,0
NAMPT,162,162,0
NANOS1,51,51,0
NANOS2,92,92,0
NANOS3,112,45,67
NANP,77,77,0
NAPEPLD,169,165,4
NAPRT,207,207,0
NAPSA,206,206,0
NARF,187,91,96
NAT1,123,2,121
NAT10,399,392,7
NAV2,1240,1184,56
NAXD,166,150,16
NAXE,112,112,0
NBR1,338,338,0
NCALD,103,103,0
NCBP2,78,72,6
NCEH1,180,26,154
NCF4,195,140,55
NCOR2,1920,1439,481
NCS1,83,83,0
NDOR1,258,220,38
NDST1,381,381,0
NDST2,307,304,3
NDST3,535,535,0
NDST4,780,780,0
NDUFS1,269,28,241
NDUFS2,174,174,0
NDUFS7,100,100,0
NDUFS8,90,90,0
NDUFV1,205,205,0
NDUFV2,96,95,1
NECAB1,194,194,0
NECAB2,177,175,2
NECAB3,161,161,0
NEDD4,470,199,271
NEDD4L,406,389,17
NEIL1,165,165,0
NEIL2,135,119,16
NEIL3,299,299,0
NEK1,431,219,212
NEK10,337,314,23
NEK11,331,312,19
NEK2,199,184,15
NEK3,157,91,66
NEK4,265,258,7
NEK5,384,384,0
NEK6,151,28,123
NEK7,124,124,0
NEK8,311,311,0
NEK9,375,375,0
NELL1,738,719,19
NELL2,622,80,542
NET1,233,14,219
NEU1,183,183,0
NEU2,247,247,0
NEU3,175,28,147
NEU4,277,27,250
NFS1,183,183,0
NFU1,90,90,0
NGB,67,67,0
NGF,187,187,0
NGLY1,261,261,0
NIM1K,266,266,0
NIN,884,876,8
NINL,690,688,2
NIT1,127,125,2
NIT2,118,118,0
NKD1,240,240,0
NKD2,250,249,1
NKIRAS1,61,61,0
NKIRAS2,85,85,0
NLK,198,198,0
NLN,245,244,1
NLRC3,591,63,528
NLRC4,547,547,0
NLRC5,925,920,5
NLRP1,805,763,42
NLRP10,552,552,0
NLRP11,680,673,7
NLRP12,842,841,1
NLRP13,835,835,0
NLRP14,740,740,0
NLRP2,931,799,132
NLRP3,1024,1019,5
NLRP4,866,850,16
NLRP5,994,994,0
NLRP6,367,367,0
NLRP7,828,790,38
NLRP8,844,840,4
NLRP9,669,669,0
NLRX1,444,444,0
NME1,64,16,48
NME2,82,72,10
NME3,46,46,0
NME4,64,64,0
NME6,71,9,62
NMNAT1,98,98,0
NMNAT2,171,171,0
NMNAT3,109,8,101
NMRAL1,134,134,0
NMRK1,81,81,0
NMRK2,115,115,0
NMT1,196,196,0
NMT2,173,173,0
NNMT,169,169,0
NNT,443,441,2
NOB1,155,155,0
NOCT,124,124,0
NOD1,423,422,1
NOD2,575,569,6
NOL9,253,253,0
NOP2,333,90,243
NOS1,1160,942,218
NOS2,653,588,65
NOS3,673,587,86
NOTCH1,3829,3808,21
NOTUM,242,242,0
NOX1,257,255,2
NOX5,450,419,31
NPAS2,364,361,3
NPC1,536,535,1
NPEPL1,242,240,2
NPEPPS,303,303,0
NPL,141,140,1
NPR1,510,510,0
NPR3,309,305,4
NPRL2,129,129,0
NPTX1,200,200,0
NPTX2,248,248,0
NPTXR,199,199,0
NQO1,104,88,16
NQO2,94,94,0
NR1D1,247,247,0
NR1D2,257,256,1
NR1H4,326,324,2
NR1I2,267,39,228
NR3C2,504,502,2
NR5A1,221,221,0
NR5A2,340,338,2
NR6A1,194,191,3
NRAS,262,262,0
NRDC,466,138,328
NRK,965,289,676
NRP1,464,68,396
NRP2,535,98,437
NRTN,51,51,0
NRXN1,1751,582,1169
NRXN2,949,939,10
NRXN3,886,70,816
NSD1,2472,1596,876
NSD2,707,652,55
NSDHL,151,151,0
NSF,152,152,0
NSMCE2,106,106,0
NSUN2,333,333,0
NSUN3,159,159,0
NSUN4,136,136,0
NSUN5,177,174,3
NSUN6,207,207,0
NT5C,55,55,0
NT5C1A,220,220,0
NT5C1B,446,444,2
NT5C2,267,233,34
NT5C3A,143,143,0
NT5C3B,103,103,0
NT5DC2,207,33,174
NT5DC3,218,218,0
NT5E,222,222,0
NT5M,92,92,0
NTHL1,144,14,130
NTMT1,95,95,0
NTPCR,93,93,0
NTRK1,1340,781,559
NTRK2,870,501,369
NTRK3,1888,1123,765
NUAK1,386,386,0
NUAK2,348,337,11
NUBP1,149,149,0
NUBP2,141,137,4
NUBPL,122,121,1
NUCB1,209,209,0
NUCB2,142,140,2
NUDT1,89,18,71
NUDT10,84,84,0
NUDT11,88,88,0
NUDT12,174,172,2
NUDT15,60,60,0
NUDT16,78,64,14
NUDT17,116,116,0
NUDT18,114,111,3
NUDT19,109,109,0
NUDT22,122,120,2
NUDT3,51,51,0
NUDT4,55,17,38
NUDT5,76,76,0
NUDT7,127,126,1
NUDT8,78,78,0
NUGGC,415,414,1
NUP153,553,545,8
NUP98,809,240,569
NUS1,74,74,0
NVL,322,318,4
NWD1,829,811,18
OARD1,54,52,2
OAS1,201,178,23
OAS2,358,357,1
OAS3,475,475,0
OBSCN,5785,1937,3848
OCM,71,71,0
ODC1,170,170,0
OGA,299,299,0
OGDH,502,498,4
OGDHL,750,743,7
OGFOD1,157,157,0
OGFOD2,111,14,97
OGFOD3,187,164,23
OGG1,162,144,18
OGT,401,401,0
OIP5,63,63,0
OLA1,127,125,2
OLAH,174,67,107
OMA1,177,177,0
OPA1,460,137,323
OPTN,199,196,3
OR4E2,251,251,0
ORC4,173,170,3
ORC5,182,179,3
ORC5,182,179,3
ORC5,182,179,3
ORC5,182,179,3
OS9,277,272,5
OSBP,301,301,0
OSBPL10,403,398,5
OSBPL2,199,195,4
OSBPL5,430,422,8
OSBPL8,340,340,0
OSGEP,130,130,0
OSGEPL1,126,126,0
OSR1,1,1,0
OTC,190,190,0
OTOF,1221,1204,17
OTUB1,113,108,5
OTUB2,90,90,0
OTUD1,91,91,0
OTUD3,127,127,0
OTUD4,387,30,357
OTUD5,172,172,0
OTUD6A,237,237,0
OTUD6B,143,28,115
OTUD7A,442,439,3
OTUD7B,425,425,0
OTULIN,126,126,0
OVCA2,64,64,0
OVCH1,678,678,0
OVCH2,240,239,1
OVGP1,353,352,1
OXCT1,245,245,0
OXCT2,141,141,0
OXSM,180,180,0
OXSR1,214,214,0
P2RX1,214,214,0
P2RX2,227,179,48
P2RX3,243,242,1
P2RX4,176,21,155
P2RY1,179,179,0
P2RY12,197,197,0
P3H1,343,324,19
P3H2,391,388,3
P3H3,247,35,212
P4HA1,174,174,0
P4HA2,202,202,0
P4HA3,262,262,0
P4HB,219,219,0
P4HTM,210,154,56
PADI1,355,355,0
PADI2,375,374,1
PADI4,367,367,0
PAF1,268,130,138
PAFAH1B2,91,89,2
PAFAH2,157,157,0
PAH,414,412,2
PAICS,125,29,96
PAK1,341,24,317
PAK2,272,272,0
PAK3,671,185,486
PAK4,288,282,6
PAK5,827,827,0
PAK6,322,322,0
PAM,448,27,421
PAN2,465,345,120
PAN3,301,301,0
PANK1,209,206,3
PANK2,197,195,2
PANK3,119,119,0
PANK4,376,370,6
PAOX,243,241,2
PAPOLA,273,273,0
PAPOLB,315,22,293
PAPOLG,300,300,0
PAPPA,1135,1134,1
PAPPA2,1812,1812,0
PAPSS1,259,259,0
PAPSS2,273,144,129
PARG,131,11,120
PARK7,72,70,2
PARL,155,153,2
PARN,203,203,0
PARP1,567,567,0
PARP14,654,654,0
PARP15,303,287,16
PARP16,136,122,14
PARP2,236,234,2
PASK,682,435,247
PBK,91,90,1
PBLD,118,117,1
PC,565,563,2
PCBD1,25,25,0
PCCA,266,266,0
PCDH19,737,727,10
PCIF1,287,287,0
PCK1,482,478,4
PCK2,278,267,11
PCLO,4451,4390,61
PCM1,649,461,188
PCMT1,98,34,64
PCMTD1,245,234,11
PCMTD2,162,160,2
PCP2,52,7,45
PCSK1,399,396,3
PCSK2,430,424,6
PCSK4,362,362,0
PCSK5,989,985,4
PCSK6,411,38,373
PCSK7,292,291,1
PCSK9,352,352,0
PCTP,88,87,1
PCYT1A,157,157,0
PCYT1B,183,183,0
PCYT2,168,87,81
PDCD2,85,85,0
PDCD6,103,101,2
PDE10A,598,44,554
PDE11A,554,534,20
PDE12,192,192,0
PDE1A,367,355,12
PDE1B,322,316,6
PDE1C,679,95,584
PDE2A,446,437,9
PDE3A,822,822,0
PDE3B,474,467,7
PDE4A,413,395,18
PDE4B,374,371,3
PDE4C,386,380,6
PDE4D,430,341,89
PDE5A,339,333,6
PDE6A,414,413,1
PDE6B,486,484,2
PDE6C,411,411,0
PDE7A,162,161,1
PDE7B,238,237,1
PDE8A,274,272,2
PDE8B,468,462,6
PDE9A,311,287,24
PDF,50,50,0
PDGFRA,1359,1357,2
PDGFRB,823,823,0
PDHA1,191,37,154
PDHA2,417,417,0
PDHB,97,97,0
PDIA2,274,271,3
PDIA3,196,195,1
PDIA6,173,168,5
PDIK1L,116,116,0
PDK1,197,171,26
PDK2,175,171,4
PDK3,173,173,0
PDK4,188,188,0
PDLIM1,158,158,0
PDP1,260,136,124
PDPK1,193,126,67
PDSS1,144,144,0
PDXK,123,119,4
PDXP,81,80,1
PECR,120,120,0
PEF1,122,122,0
PEMT,100,21,79
PEPD,246,243,3
PEX1,473,456,17
PEX10,110,74,36
PEX12,123,123,0
PEX2,161,161,0
PEX6,305,305,0
PF4,51,51,0
PF4V1,58,58,0
PFAS,573,565,8
PFKFB1,266,265,1
PFKFB2,228,225,3
PFKFB3,278,274,4
PFKFB4,209,206,3
PFKL,339,338,1
PFKM,312,49,263
PFKP,411,410,1
PGA4,25,25,0
PGA5,94,94,0
PGAM1,55,55,0
PGAM2,146,146,0
PGAM4,124,124,0
PGAP1,346,346,0
PGC,222,221,1
PGD,191,191,0
PGGHG,308,307,1
PGGT1B,141,141,0
PGK1,169,169,0
PGK2,420,420,0
PGLYRP2,353,353,0
PGLYRP3,244,244,0
PGLYRP4,213,211,2
PGM1,264,31,233
PGM2,237,234,3
PGM2L1,241,241,0
PGM3,192,26,166
PGP,74,74,0
PGPEP1,85,84,1
PGR,786,699,87
PGRMC1,97,97,0
PGS1,246,246,0
PHC1,342,336,6
PHC2,364,352,12
PHC3,375,48,327
PHEX,378,373,5
PHF12,415,415,0
PHF14,338,337,1
PHF2,510,505,5
PHF5A,35,35,0
PHF8,447,437,10
PHGDH,220,220,0
PHKG1,190,83,107
PHKG2,164,163,1
PHLPP1,544,540,4
PHLPP2,537,503,34
PHOSPHO1,107,16,91
PHOSPHO2,113,113,0
PHPT1,54,54,0
PHYH,181,178,3
PHYHD1,130,62,68
PI4K2A,310,152,158
PI4K2B,167,155,12
PIAS1,261,238,23
PIAS2,237,237,0
PIAS3,259,254,5
PIAS4,224,224,0
PICK1,167,167,0
PIDD1,355,354,1
PIF1,286,286,0
PIGK,160,160,0
PIK3CG,1219,1219,0
PIK3R4,580,580,0
PIKFYVE,886,881,5
PIM1,642,642,0
PIM2,189,189,0
PIM3,106,106,0
PINK1,209,209,0
PIP4K2B,157,157,0
PIP4P1,97,16,81
PIP4P2,132,132,0
PIPOX,184,184,0
PIR,103,103,0
PISD,167,20,147
PITPNA,84,84,0
PITRM1,416,260,156
PIWIL1,530,530,0
PIWIL2,403,403,0
PKD1,1412,1247,165
PKD2,334,51,283
PKD2L1,429,423,6
PKDCC,170,170,0
PKLR,368,365,3
PKM,221,215,6
PKMYT1,176,168,8
PKN1,485,56,429
PKN2,359,337,22
PKN3,367,367,0
PLA1A,272,272,0
PLA2G10,23,23,0
PLA2G12A,57,57,0
PLA2G12B,109,109,0
PLA2G15,192,192,0
PLA2G16,68,68,0
PLA2G1B,62,62,0
PLA2G2A,77,77,0
PLA2G2C,68,67,1
PLA2G2D,86,86,0
PLA2G2E,79,79,0
PLA2G2F,119,33,86
PLA2G3,280,280,0
PLA2G4A,437,433,4
PLA2G4B,403,103,300
PLA2G4C,298,22,276
PLA2G4D,405,405,0
PLA2G4E,336,335,1
PLA2G4F,377,375,2
PLA2G5,90,90,0
PLA2G6,364,364,0
PLA2G7,217,216,1
PLAT,332,288,44
PLB1,747,736,11
PLCB1,1124,948,176
PLCB2,532,527,5
PLCB3,560,551,9
PLCB4,864,840,24
PLCD1,339,33,306
PLCD3,282,215,67
PLCD4,295,295,0
PLCE1,1137,1127,10
PLCG1,644,606,38
PLCG2,842,842,0
PLCH1,1066,1053,13
PLCH2,498,50,448
PLCXD2,168,168,0
PLCXD3,303,303,0
PLCZ1,376,370,6
PLD3,228,228,0
PLD4,217,215,2
PLEKHB2,124,74,50
PLEKHF1,153,153,0
PLEKHF2,100,100,0
PLG,650,650,0
PLK1,314,314,0
PLK2,501,401,100
PLK3,289,289,0
PLK4,327,314,13
PLOD1,326,320,6
PLOD2,367,259,108
PLOD3,362,362,0
PLPP1,97,11,86
PLPP2,142,16,126
PLPP3,147,147,0
PLPP4,185,184,1
PLPP5,72,72,0
PLPP6,82,82,0
PLS1,302,302,0
PLS3,246,241,5
PM20D1,262,262,0
PML,507,454,53
PMM1,127,127,0
PMM2,100,96,4
PMP2,82,82,0
PMPCB,159,158,1
PMS2,937,561,376
PMVK,99,99,0
PNCK,207,65,142
PNKD,180,180,0
PNKP,267,257,10
PNLDC1,292,292,0
PNLIP,326,326,0
PNLIPRP1,313,313,0
PNLIPRP2,242,209,33
PNLIPRP3,338,338,0
PNMT,132,132,0
PNPLA1,288,275,13
PNPLA2,170,170,0
PNPLA3,245,244,1
PNPLA4,108,108,0
PNPLA5,247,246,1
PNPLA6,626,622,4
PNPLA7,667,77,590
PNPLA8,310,309,1
PNPO,83,83,0
POFUT1,182,182,0
POFUT2,208,208,0
POGLUT1,157,157,0
POLA1,528,526,2
POLB,151,139,12
POLD1,859,771,88
POLE,2232,1637,595
POLG,526,525,1
POLH,269,242,27
POLI,267,254,13
POLK,288,278,10
POLL,284,266,18
POLM,210,205,5
POLQ,1379,1228,151
POLR1A,716,716,0
POLR1B,418,412,6
POLR2A,866,866,0
POLR2B,476,436,40
POLR2C,113,113,0
POLR2I,62,62,0
POLR2K,26,26,0
POLR2L,29,29,0
POLR3A,545,544,1
POLR3B,482,481,1
POLR3F,91,91,0
POLR3K,44,43,1
POLRMT,533,533,0
POMGNT1,289,267,22
PON1,205,205,0
PON2,130,130,0
PON3,211,211,0
POR,276,21,255
PORCN,228,219,9
POU5F1,150,143,7
PPA1,3,3,0
PPA2,145,130,15
PPARA,185,185,0
PPARG,340,269,71
PPAT,182,182,0
PPCDC,68,67,1
PPEF1,312,308,4
PPEF2,426,426,0
PPIL1,63,63,0
PPIP5K1,196,196,0
PPIP5K2,433,390,43
PPM1A,190,45,145
PPM1B,212,210,2
PPM1D,368,368,0
PPM1E,344,344,0
PPM1F,208,204,4
PPM1G,173,173,0
PPM1K,154,153,1
PPM1L,179,177,2
PPM1M,73,12,61
PPM1N,156,156,0
PPME1,103,103,0
PPP1CA,146,21,125
PPP1CB,126,126,0
PPP1CC,110,105,5
PPP2CA,118,118,0
PPP2CB,99,99,0
PPP2R3A,468,464,4
PPP2R3B,215,215,0
PPP2R3C,129,129,0
PPP3CA,289,282,7
PPP3CB,189,139,50
PPP3CC,157,128,29
PPP3R1,56,53,3
PPP3R2,136,12,124
PPP4C,131,131,0
PPP5C,237,235,2
PPP6C,372,135,237
PPT1,121,117,4
PPT2,107,11,96
PPTC7,120,120,0
PRCP,185,39,146
PRDM8,255,255,0
PRDM9,1201,1201,0
PRDX1,81,81,0
PRDX2,81,80,1
PRDX3,84,84,0
PRDX4,88,88,0
PRDX5,85,84,1
PRDX6,95,95,0
PREP,282,282,0
PREPL,280,279,1
PRF1,375,375,0
PRG2,126,9,117
PRIM1,103,103,0
PRIM2,221,210,11
PRIMPOL,189,185,4
PRKAA1,230,74,156
PRKAA2,327,327,0
PRKACA,199,189,10
PRKACB,207,35,172
PRKACG,251,251,0
PRKAG1,129,46,83
PRKAG2,266,252,14
PRKAG3,270,264,6
PRKAR1A,293,291,2
PRKAR1B,221,221,0
PRKAR2A,126,126,0
PRKAR2B,185,185,0
PRKCA,330,330,0
PRKCB,576,537,39
PRKCD,316,316,0
PRKCE,362,355,7
PRKCG,547,526,21
PRKCH,321,305,16
PRKCI,307,307,0
PRKCQ,491,463,28
PRKCSH,245,245,0
PRKCZ,283,269,14
PRKD1,661,639,22
PRKD2,442,429,13
PRKD3,343,343,0
PRKG1,554,64,490
PRKG2,433,427,6
PRKN,890,506,384
PRKX,142,142,0
PRLR,431,426,5
PRMT1,188,188,0
PRMT3,222,220,2
PRMT5,220,216,4
PRMT6,164,162,2
PRMT7,256,254,2
PRMT8,275,272,3
PRNP,124,124,0
PRPS1,159,135,24
PRPS1L1,228,228,0
PRPS2,163,63,100
PRSS1,370,333,37
PRSS12,411,411,0
PRSS16,296,295,1
PRSS2,1,1,0
PRSS21,165,165,0
PRSS22,161,161,0
PRSS23,187,187,0
PRSS27,102,102,0
PRSS3,228,187,41
PRSS33,80,80,0
PRSS36,339,339,0
PRSS38,252,252,0
PRSS42,121,121,0
PRSS48,140,138,2
PRSS50,178,178,0
PRSS53,175,175,0
PRSS55,230,230,0
PRSS56,121,74,47
PRSS57,143,140,3
PRSS58,218,218,0
PRSS8,133,132,1
PRTFDC1,109,109,0
PRTN3,98,97,1
PRUNE1,187,184,3
PRXL2A,102,102,0
PSAT1,148,148,0
PSEN1,164,159,5
PSEN2,266,239,27
PSKH1,189,189,0
PSKH2,296,296,0
PSMB10,104,104,0
PSMB11,161,161,0
PSMB5,97,97,0
PSMB6,82,82,0
PSMB7,89,89,0
PSMB8,117,116,1
PSMB9,79,78,1
PSMC1,110,110,0
PSMC2,177,176,1
PSMC3,178,178,0
PSMC4,189,187,2
PSMC5,155,154,1
PSMC6,153,15,138
PSMD14,93,93,0
PSPH,106,106,0
PSTK,124,124,0
PTEN,2065,2064,1
PTER,175,173,2
PTGES,51,51,0
PTGES2,130,130,0
PTGIS,331,331,0
PTGR1,110,110,0
PTGR2,112,112,0
PTGS1,473,416,57
PTGS2,318,318,0
PTK2,584,387,197
PTK2B,604,554,50
PTK6,213,210,3
PTP4A1,64,64,0
PTP4A2,51,51,0
PTP4A3,106,106,0
PTPA,132,43,89
PTPDC1,284,27,257
PTPMT1,56,55,1
PTPN1,211,199,12
PTPN11,549,469,80
PTPN12,378,339,39
PTPN13,1204,686,518
PTPN14,704,703,1
PTPN18,176,174,2
PTPN2,184,171,13
PTPN20,22,22,0
PTPN20A,13,13,0
PTPN21,571,571,0
PTPN22,402,381,21
PTPN23,611,606,5
PTPN3,458,450,8
PTPN4,381,380,1
PTPN5,353,338,15
PTPN6,328,289,39
PTPN7,212,77,135
PTPN9,234,234,0
PTPRA,346,337,9
PTPRB,1948,420,1528
PTPRC,1058,944,114
PTPRD,5153,2313,2840
PTPRE,358,357,1
PTPRF,967,933,34
PTPRG,678,675,3
PTPRH,692,684,8
PTPRJ,586,583,3
PTPRK,1265,567,698
PTPRM,881,529,352
PTPRN2,931,840,91
PTPRO,667,650,17
PTPRQ,902,59,843
PTPRR,475,455,20
PTPRS,2528,1310,1218
PTPRT,4676,1937,2739
PTPRU,748,731,17
PTPRZ1,1280,1274,6
PTRH1,61,61,0
PTS,63,63,0
PTX4,324,41,283
PUDP,113,26,87
PUS1,203,199,4
PUS10,174,174,0
PUS3,149,148,1
PUS7,249,249,0
PUS7L,298,297,1
PUSL1,91,91,0
PVALB,59,59,0
PXDN,1073,1073,0
PXDNL,1389,1388,1
PXYLP1,222,218,4
PYCR1,141,141,0
PYCR2,117,117,0
PYGB,407,407,0
PYGL,379,375,4
PYGM,476,469,7
PYROXD2,249,249,0
QARS,283,281,2
QDPR,135,135,0
QPCT,158,158,0
QPCTL,154,153,1
QPRT,144,143,1
QRSL1,162,162,0
QSOX1,308,308,0
QSOX2,281,281,0
QTRT1,163,163,0
QTRT2,166,15,151
RAB10,85,85,0
RAB11A,74,74,0
RAB11B,112,112,0
RAB11FIP3,237,237,0
RAB11FIP4,264,262,2
RAB12,85,85,0
RAB13,80,79,1
RAB14,81,81,0
RAB15,60,30,30
RAB17,101,101,0
RAB18,62,62,0
RAB19,116,115,1
RAB1A,58,58,0
RAB1B,83,83,0
RAB20,89,89,0
RAB21,83,83,0
RAB22A,78,78,0
RAB23,82,82,0
RAB24,75,75,0
RAB25,105,105,0
RAB26,85,85,0
RAB27A,80,80,0
RAB27B,119,119,0
RAB28,94,93,1
RAB29,85,85,0
RAB2A,84,84,0
RAB2B,93,93,0
RAB30,99,99,0
RAB31,91,91,0
RAB32,106,106,0
RAB33A,120,120,0
RAB33B,76,76,0
RAB35,94,93,1
RAB36,135,39,96
RAB37,122,14,108
RAB38,95,95,0
RAB39A,91,91,0
RAB39B,133,133,0
RAB3A,90,90,0
RAB3B,93,93,0
RAB3C,132,132,0
RAB3D,116,116,0
RAB40A,136,136,0
RAB40AL,151,151,0
RAB40B,125,124,1
RAB40C,155,155,0
RAB41,95,29,66
RAB42,32,3,29
RAB43,74,74,0
RAB44,130,11,119
RAB4A,88,88,0
RAB4B,132,132,0
RAB5A,100,98,2
RAB5B,89,89,0
RAB5C,117,20,97
RAB6A,68,68,0
RAB6B,126,126,0
RAB6C,134,134,0
RAB7A,67,67,0
RAB8A,110,110,0
RAB8B,80,79,1
RAB9A,55,55,0
RAB9B,106,106,0
RABGEF1,209,209,0
RABGGTB,150,150,0
RABIF,41,41,0
RABL2B,52,44,8
RABL3,104,104,0
RABL6,322,129,193
RAC1,163,105,58
RAC2,136,124,12
RAD17,234,232,2
RAD18,178,178,0
RAD50,898,672,226
RAD51,195,74,121
RAD51B,202,200,2
RAD51C,202,202,0
RAD51D,400,115,285
RAD54B,337,337,0
RAD54L,347,24,323
RAD54L2,549,549,0
RAF1,648,374,274
RAG1,643,643,0
RAG2,337,337,0
RALA,100,100,0
RALB,107,104,3
RALBP1,240,240,0
RAN,64,64,0
RAP1A,73,73,0
RAP1B,83,80,3
RAP2A,64,64,0
RAP2B,81,81,0
RAP2C,85,85,0
RAPGEF2,631,604,27
RAPGEF3,399,389,10
RAPGEF4,530,454,76
RAPGEF6,633,418,215
RARA,642,338,304
RARRES3,88,88,0
RARS,232,230,2
RARS1,2,2,0
RARS2,223,223,0
RASA2,386,295,91
RASA3,427,423,4
RASA4,71,68,3
RASAL1,414,245,169
RASD1,90,90,0
RASD2,174,174,0
RASEF,335,335,0
RASGRP1,309,299,10
RASGRP2,291,289,2
RASGRP3,389,388,1
RASL10A,74,74,0
RASL10B,110,110,0
RASL11A,111,111,0
RASL12,128,126,2
RBBP9,71,71,0
RBCK1,202,202,0
RBKS,120,120,0
RBP2,84,11,73
RBP4,110,109,1
RBSN,314,314,0
RBX1,33,33,0
RC3H1,516,515,1
RC3H2,458,457,1
RCE1,118,117,1
RCHY1,90,88,2
RCN1,2,1,1
RCN2,97,97,0
RCN3,146,146,0
RCVRN,139,139,0
RDH10,125,125,0
RDH11,103,103,0
RDH12,148,148,0
RDH13,161,160,1
RDH14,100,100,0
RDH16,173,173,0
RDH5,124,124,0
RDH8,206,27,179
RDX,225,225,0
RECQL,246,246,0
RECQL4,987,763,224
RECQL5,423,418,5
REG3A,252,252,0
REG3G,246,246,0
REG4,79,78,1
RELN,2504,2502,2
REM1,223,223,0
REM2,144,142,2
REN,241,240,1
REPS1,275,174,101
REPS2,241,240,1
RERG,134,132,2
RET,1215,1199,16
REV1,469,469,0
REV3L,1103,1083,20
REXO2,64,64,0
RFC1,434,220,214
RFC2,156,150,6
RFC4,192,188,4
RFC5,143,133,10
RFK,52,52,0
RFNG,92,90,2
RGN,106,105,1
RHBDD1,144,144,0
RHBDL1,152,152,0
RHBDL2,105,105,0
RHBDL3,192,187,5
RHEB,111,99,12
RHEBL1,54,54,0
RHO,237,237,0
RHOA,262,246,16
RHOB,113,113,0
RHOBTB1,299,299,0
RHOBTB2,317,21,296
RHOC,83,83,0
RHOD,84,82,2
RHOF,68,67,1
RHOG,84,84,0
RHOH,123,123,0
RHOJ,145,145,0
RHOQ,76,76,0
RHOT1,270,234,36
RHOT2,286,286,0
RHOU,131,131,0
RHOV,93,93,0
RICTOR,929,884,45
RIMKLA,208,208,0
RIMKLB,179,179,0
RIMS1,1213,1198,15
RIMS2,1295,129,1166
RIOK1,192,192,0
RIOK2,209,209,0
RIOK3,193,188,5
RIOX2,189,189,0
RIPK1,280,265,15
RIPK2,229,223,6
RIPK3,251,251,0
RIPK4,557,219,338
RIT1,215,58,157
RIT2,218,217,1
RLBP1,148,148,0
RNASE1,62,62,0
RNASE2,74,74,0
RNASE3,114,114,0
RNASE4,79,79,0
RNASE6,63,63,0
RNASE7,83,83,0
RNASE8,1,1,0
RNASEH1,111,111,0
RNASEH2A,122,122,0
RNASET2,111,110,1
RND1,115,115,0
RND2,76,76,0
RND3,105,104,1
RNF111,381,318,63
RNF112,279,279,0
RNF114,94,94,0
RNF123,553,549,4
RNF125,94,94,0
RNF126,127,127,0
RNF138,86,86,0
RNF14,154,154,0
RNF144A,167,167,0
RNF144B,101,100,1
RNF145,76,24,52
RNF146,141,140,1
RNF165,226,226,0
RNF166,69,69,0
RNF19A,323,323,0
RNF19B,228,228,0
RNF207,225,225,0
RNF213,2555,2126,429
RNF216,359,92,267
RNF217,147,15,132
RNF25,163,163,0
RNF31,468,461,7
RNF4,58,58,0
RNF7,50,50,0
RNGTT,214,214,0
RNLS,152,149,3
RNMT,186,186,0
RNPEP,235,234,1
RNPEPL1,210,13,197
ROCK1,549,549,0
ROCK2,519,506,13
ROR1,506,480,26
ROR2,678,660,18
ROS1,1792,972,820
RP2,127,127,0
RPAP2,203,203,0
RPE,85,85,0
RPE65,332,332,0
RPF1,143,12,131
RPH3A,414,409,5
RPH3AL,154,154,0
RPL37,41,41,0
RPL37A,26,26,0
RPP21,55,25,30
RPS27,35,34,1
RPS29,18,18,0
RPS6KA1,338,29,309
RPS6KA2,471,42,429
RPS6KA3,401,330,71
RPS6KA4,543,445,98
RPS6KA5,302,292,10
RPS6KA6,466,466,0
RPS6KB1,188,171,17
RPS6KB2,262,261,1
RPS6KC1,539,493,46
RPS6KL1,235,232,3
RPTN,585,585,0
RPUSD1,143,143,0
RPUSD2,176,174,2
RPUSD4,154,153,1
RRAD,124,124,0
RRAGA,111,111,0
RRAGB,169,169,0
RRAGC,128,128,0
RRAGD,143,143,0
RRAS,96,96,0
RRAS2,81,76,5
RRM1,281,267,14
RRM2,165,21,144
RRM2B,139,131,8
RRP8,202,202,0
RSAD1,212,212,0
RSAD2,191,191,0
RSBN1,309,309,0
RSBN1L,274,274,0
RTCA,129,26,103
RTCB,193,193,0
RTEL1,567,116,451
RUFY1,291,289,2
RUFY2,220,32,188
RUFY4,276,91,185
RUNX1,3592,1095,2497
RUNX1T1,1263,234,1029
RUVBL1,160,158,2
RUVBL2,227,225,2
RXFP1,460,423,37
RXRA,253,245,8
RYK,180,20,160
RYR1,3358,3330,28
S100A1,39,39,0
S100A11,27,27,0
S100A12,51,51,0
S100A13,40,40,0
S100A16,52,52,0
S100A2,45,3,42
S100A3,62,62,0
S100A4,50,50,0
S100A5,53,53,0
S100A6,21,21,0
S100A7,68,68,0
S100A7A,88,88,0
S100A7L2,93,21,72
S100A8,62,62,0
S100A9,56,56,0
S100B,34,34,0
S100G,28,28,0
S100G,28,28,0
S100G,28,28,0
S100G,28,28,0
S100P,41,41,0
S100Z,57,57,0
S1PR1,284,284,0
SAG,219,168,51
SAMD8,119,119,0
SAMHD1,353,351,2
SAR1A,61,61,0
SAR1B,78,78,0
SARM1,203,21,182
SARS,209,209,0
SARS2,228,82,146
SAT2,70,3,67
SATB1,445,349,96
SATL1,320,314,6
SBK1,220,220,0
SBK2,218,218,0
SBK3,93,83,10
SCD,131,131,0
SCD5,154,154,0
SCGN,203,203,0
SCIN,321,320,1
SCLY,197,22,175
SCN8A,829,828,1
SCO1,98,98,0
SCPEP1,192,192,0
SCRN1,201,27,174
SCRN2,200,198,2
SCRN3,8,5,3
SDCBP,124,119,5
SDF4,181,181,0
SDHA,656,453,203
SDHB,161,161,0
SDHC,112,90,22
SDHD,103,79,24
SDR16C5,214,214,0
SDR39U1,114,105,9
SDR42E1,196,196,0
SDR9C7,142,142,0
SDS,171,171,0
SEC11A,52,52,0
SEC11C,70,70,0
SEC23A,301,295,6
SEC23B,309,308,1
SEC24A,366,366,0
SEC24B,472,470,2
SEC24C,411,411,0
SEC24D,454,420,34
SELE,385,385,0
SELENOM,1,1,0
SELENOO,4,4,0
SELL,218,15,203
SELM,56,56,0
SELO,236,236,0
SELP,558,541,17
SENP1,222,221,1
SENP2,221,213,8
SENP3,190,189,1
SENP5,276,272,4
SENP6,402,393,9
SENP7,477,466,11
SENP8,80,80,0
SEPHS1,171,170,1
SEPHS2,156,154,2
SEPSECS,138,138,0
SEPT1,332,194,138
SEPT10,170,167,3
SEPT11,137,137,0
SEPT12,196,196,0
SEPT14,271,271,0
SEPT2,143,136,7
SEPT3,168,168,0
SEPT4,192,14,178
SEPT5,178,178,0
SEPT6,222,210,12
SEPT7,120,9,111
SEPT8,178,178,0
SEPT9,418,298,120
SERHL2,77,77,0
SERPINA6,267,267,0
SERPINA7,299,299,0
SERPINC1,246,246,0
SESN1,182,35,147
SESN2,223,223,0
SESN3,195,193,2
SETD1A,848,848,0
SETD1B,651,367,284
SETD2,2450,2175,275
SETD3,247,247,0
SETD4,163,161,2
SETD6,158,154,4
SETD7,161,159,2
SETDB1,610,609,1
SETDB2,249,242,7
SETMAR,207,203,4
SETX,1033,1028,5
SFN,102,16,86
SGK1,1653,422,1231
SGK2,266,45,221
SGK3,198,194,4
SGK494,150,150,0
SGMS1,223,223,0
SGMS2,135,135,0
SGPP1,155,155,0
SGPP2,158,158,0
SGSH,223,220,3
SHH,222,222,0
SHPRH,680,675,5
SI,1804,1804,0
SIAH1,116,11,105
SIAH2,141,141,0
SIAH3,176,176,0
SIGLEC1,1016,1015,1
SIGLEC10,534,527,7
SIGLEC11,349,348,1
SIGLEC14,176,176,0
SIGLEC15,122,122,0
SIGLEC5,365,365,0
SIGLEC6,384,377,7
SIGLEC7,321,321,0
SIGLEC8,430,430,0
SIGLEC9,329,310,19
SIK1,363,363,0
SIK2,344,344,0
SIK3,548,49,499
SIRT1,206,204,2
SIRT2,166,164,2
SIRT3,147,146,1
SIRT4,152,152,0
SIRT5,135,135,0
SIRT6,159,159,0
SIRT7,155,155,0
SKIV2L,469,466,3
SLC12A2,460,460,0
SLC12A3,547,433,114
SLC12A4,460,44,416
SLC12A5,745,733,12
SLC12A6,448,448,0
SLC12A7,558,558,0
SLC16A1,213,213,0
SLC18A2,306,306,0
SLC19A1,291,273,18
SLC1A1,195,195,0
SLC1A2,270,259,11
SLC1A3,322,320,2
SLC1A5,209,206,3
SLC1A6,460,460,0
SLC22A4,188,188,0
SLC22A5,199,199,0
SLC22A7,323,322,1
SLC25A12,264,262,2
SLC25A13,371,173,198
SLC25A23,218,218,0
SLC25A24,184,184,0
SLC25A25,174,26,148
SLC25A31,168,168,0
SLC25A39,151,148,3
SLC25A4,102,102,0
SLC25A5,164,164,0
SLC25A6,165,165,0
SLC26A5,426,424,2
SLC27A1,305,304,1
SLC27A2,262,260,2
SLC27A3,297,40,257
SLC27A4,272,271,1
SLC27A5,331,329,2
SLC27A6,466,466,0
SLC2A1,222,222,0
SLC2A10,377,377,0
SLC2A14,322,318,4
SLC2A2,298,296,2
SLC2A3,289,289,0
SLC2A4,239,237,2
SLC2A5,256,255,1
SLC2A6,242,241,1
SLC2A7,272,272,0
SLC2A8,162,161,1
SLC30A1,170,170,0
SLC30A2,156,156,0
SLC30A3,226,225,1
SLC30A4,167,167,0
SLC30A5,220,219,1
SLC30A8,297,296,1
SLC35A1,103,103,0
SLC38A2,209,207,2
SLC38A9,206,205,1
SLC39A2,131,131,0
SLC39A4,293,283,10
SLC3A1,332,330,2
SLC40A1,250,250,0
SLC46A1,127,127,0
SLC4A8,548,544,4
SLC5A1,360,357,3
SLC5A2,334,334,0
SLC6A1,394,390,4
SLC6A2,417,411,6
SLC6A3,437,437,0
SLC6A4,300,300,0
SLC6A5,584,584,0
SLC7A11,222,222,0
SLC7A8,242,242,0
SLC7A9,296,296,0
SLC8A1,883,849,34
SLC8A2,500,498,2
SLC8A3,732,731,1
SLC9A3,443,437,6
SLC9B2,209,208,1
SLC9C2,655,654,1
SLFN11,500,499,1
SLFN13,429,425,4
SLFN14,268,268,0
SLFN5,366,366,0
SLFNL1,181,179,2
SLK,412,410,2
SLX4,963,963,0
SMAD1,175,175,0
SMAD2,612,421,191
SMAD3,826,424,402
SMAD4,1486,1092,394
SMAD5,150,134,16
SMAD6,202,200,2
SMAD7,145,143,2
SMAD9,272,270,2
SMAP2,1,1,0
SMARCA1,445,442,3
SMARCA2,821,746,75
SMARCA4,3131,1845,1286
SMARCA5,337,337,0
SMARCAD1,367,285,82
SMARCAL1,422,422,0
SMC1A,556,493,63
SMC1B,522,520,2
SMC2,461,461,0
SMC3,475,475,0
SMC4,554,547,7
SMC5,426,426,0
SMC6,360,351,9
SMG6,544,531,13
SMO,664,664,0
SMOC1,281,275,6
SMOC2,262,98,164
SMOX,304,301,3
SMPD1,293,290,3
SMPD2,159,159,0
SMPD3,339,337,2
SMPDL3A,150,150,0
SMPDL3B,189,188,1
SMS,139,139,0
SMUG1,131,131,0
SMURF1,290,288,2
SMURF2,274,274,0
SMYD1,378,378,0
SMYD2,176,176,0
SMYD3,232,225,7
SMYD4,288,288,0
SMYD5,186,186,0
SNCA,70,70,0
SNRK,286,275,11
SNRNP200,832,832,0
SNRNP48,135,135,0
SNURF,71,10,61
SNX1,190,187,3
SNX10,87,87,0
SNX11,104,102,2
SNX12,74,74,0
SNX13,371,206,165
SNX15,187,186,1
SNX16,123,123,0
SNX17,204,204,0
SNX18,323,322,1
SNX19,428,422,6
SNX2,170,168,2
SNX20,197,197,0
SNX21,141,138,3
SNX22,66,66,0
SNX24,74,74,0
SNX3,59,57,2
SNX30,153,153,0
SNX4,142,141,1
SNX5,140,140,0
SNX6,120,7,113
SNX7,190,35,155
SNX8,238,238,0
SNX9,216,216,0
SOAT1,253,248,5
SOAT2,244,244,0
SOD1,64,64,0
SOD2,78,78,0
SOD3,98,98,0
SORD,108,107,1
SPACA5,11,11,0
SPAG1,331,331,0
SPAM1,397,391,6
SPARC,187,187,0
SPARCL1,295,289,6
SPAST,259,245,14
SPATA21,241,238,3
SPATA5,298,298,0
SPATA5L1,246,246,0
SPEG,1667,1655,12
SPG7,415,396,19
SPHK1,189,73,116
SPHK2,352,328,24
SPI1,137,31,106
SPN,200,23,177
SPO11,182,178,4
SPON1,2,2,0
SPON2,143,143,0
SPP1,177,6,171
SPPL2A,150,150,0
SPPL2B,4,4,0
SPPL2C,376,376,0
SPPL3,134,134,0
SPR,84,84,0
SPRTN,192,191,1
SPTA1,2708,2708,0
SPTAN1,1037,670,367
SQLE,212,211,1
SQOR,192,192,0
SQSTM1,213,197,16
SRC,435,339,96
SRCAP,1586,1523,63
SRM,106,106,0
SRMS,269,269,0
SRP54,168,165,3
SRPK1,262,249,13
SRPK2,281,41,240
SRPK3,281,264,17
SRPRA,243,242,1
SRPRB,101,101,0
SRR,107,107,0
SRXN1,57,57,0
SSH1,459,452,7
SSH2,520,514,6
SSH3,296,292,4
SSSCA1,78,78,0
ST14,420,420,0
ST18,780,780,0
ST3GAL1,187,187,0
ST3GAL2,157,157,0
ST6GAL1,180,180,0
ST6GALNAC2,143,143,0
ST8SIA1,201,198,3
ST8SIA2,235,235,0
ST8SIA3,292,292,0
ST8SIA4,246,246,0
ST8SIA5,259,259,0
ST8SIA6,242,242,0
STAMBP,151,151,0
STAMBPL1,173,172,1
STARD9,877,877,0
STEAP1,137,137,0
STEAP2,241,241,0
STEAP3,249,31,218
STEAP4,266,266,0
STIM1,301,300,1
STIM2,263,135,128
STK10,454,454,0
STK11,735,726,9
STK16,124,119,5
STK17A,159,159,0
STK17B,163,163,0
STK24,182,177,5
STK25,188,184,4
STK26,31,11,20
STK3,215,39,176
STK31,633,619,14
STK32A,199,199,0
STK32B,270,263,7
STK32C,226,208,18
STK33,301,284,17
STK35,179,177,2
STK36,549,538,11
STK38,178,178,0
STK38L,161,157,4
STK39,227,227,0
STK4,195,189,6
STK40,289,243,46
STKLD1,288,285,3
STRADB,158,158,0
STS,291,291,0
STT3A,277,275,2
STT3B,232,232,0
STYK1,254,254,0
SUCLA2,169,167,2
SUCLG1,154,154,0
SUCLG2,168,157,11
SUGCT,295,39,256
SULF1,648,646,2
SULF2,484,484,0
SULT1A1,176,169,7
SULT1A2,162,160,2
SULT1A3,12,12,0
SULT1A4,10,10,0
SULT1B1,199,199,0
SULT1C2,160,65,95
SULT1C3,209,206,3
SULT1C4,163,163,0
SULT1E1,192,192,0
SULT2A1,160,160,0
SULT2B1,185,185,0
SULT6B1,138,12,126
SUMF1,151,151,0
SUMF2,147,23,124
SUOX,228,228,0
SUPT4H1,47,47,0
SUPT5H,533,530,3
SUPV3L1,267,267,0
SUV39H1,183,183,0
SUV39H2,143,136,7
SYK,549,475,74
SYT1,291,288,3
SYT10,461,460,1
SYT11,238,238,0
SYT2,212,212,0
SYT3,433,433,0
SYT4,358,356,2
SYT5,208,208,0
SYT6,290,21,269
SYT7,240,81,159
SYT9,346,344,2
SYVN1,239,238,1
TAAR1,171,171,0
TAAR9,1,1,0
TACR1,227,227,0
TADA2A,159,159,0
TADA2B,162,161,1
TAF1B,219,213,6
TAF3,465,465,0
TALDO1,150,150,0
TANK,146,145,1
TAOK1,418,412,6
TAOK2,590,577,13
TAOK3,394,383,11
TAP1,14,4,10
TAP2,322,311,11
TARBP1,478,478,0
TAS2R14,129,129,0
TASP1,172,172,0
TATDN1,1,1,0
TATDN2,2,2,0
TATDN3,6,2,4
TAX1BP1,271,267,4
TBC1D24,256,256,0
TBK1,254,254,0
TBKBP1,211,211,0
TBP,180,173,7
TBXAS1,313,52,261
TCEA1,101,101,0
TCEA2,140,139,1
TCEA3,157,157,0
TCHH,1350,1350,0
TCN2,228,216,12
TDO2,233,233,0
TDP1,258,258,0
TDP2,153,152,1
TDRD1,550,544,6
TDRD12,118,118,0
TDRD9,592,558,34
TEC,286,286,0
TEK,713,655,58
TENT2,190,190,0
TENT4A,296,35,261
TENT4B,215,57,158
TEP1,1177,1003,174
TERT,851,797,54
TESC,116,116,0
TESK1,256,256,0
TESK2,239,239,0
TET1,1356,1355,1
TET2,5594,3418,2176
TET3,869,86,783
TEX14,732,700,32
TF,431,427,4
TFB1M,129,129,0
TFB2M,162,162,0
TGDS,130,130,0
TGFBR1,672,383,289
TGFBR2,961,417,544
TGM1,388,388,0
TGM2,381,377,4
TGM3,462,462,0
TGM4,345,345,0
TGM5,361,357,4
TGM6,527,527,0
TGM7,415,415,0
TGS1,339,339,0
TH,261,258,3
THAP4,246,246,0
THEM4,77,77,0
THEM5,122,122,0
THG1L,115,115,0
THOP1,308,307,1
THRA,243,243,0
THRAP3,483,483,0
THRB,236,235,1
THTPA,73,73,0
TIAF1,36,6,30
TIE1,729,715,14
TIMM44,207,207,0
TIMP1,70,70,0
TIMP2,120,119,1
TIMP3,124,124,0
TIMP4,112,112,0
TK1,85,85,0
TK2,85,80,5
TKFC,270,270,0
TKT,239,74,165
TKTL1,298,293,5
TKTL2,532,532,0
TLK1,316,280,36
TLK2,313,148,165
TLL1,820,816,4
TLL2,572,572,0
TLR9,1016,597,419
TM4SF5,112,112,0
TM7SF2,179,178,1
TMEM173,152,152,0
TMEM38A,162,162,0
TMEM38A,162,162,0
TMEM38A,162,162,0
TMEM38A,162,162,0
TMEM38B,133,133,0
TMEM68,93,83,10
TMEM97,59,57,2
TMLHE,159,159,0
TMPPE,183,183,0
TMPRSS11A,260,68,192
TMPRSS11B,272,272,0
TMPRSS11D,228,227,1
TMPRSS11E,227,227,0
TMPRSS11F,312,312,0
TMPRSS12,146,146,0
TMPRSS13,299,291,8
TMPRSS15,781,781,0
TMPRSS2,433,145,288
TMPRSS3,259,256,3
TMPRSS4,250,230,20
TMPRSS5,200,190,10
TMPRSS6,446,440,6
TMPRSS7,362,28,334
TMPRSS9,510,510,0
TMX1,101,101,0
TMX3,168,168,0
TMX4,150,150,0
TNFAIP3,905,839,66
TNFAIP6,160,160,0
TNFRSF11A,276,274,2
TNFSF10,128,128,0
TNIK,853,755,98
TNIP2,166,159,7
TNK1,205,204,1
TNK2,719,139,580
TNKS,588,557,31
TNKS2,398,398,0
TNNC1,73,73,0
TNNC2,81,81,0
TNNI3K,701,158,543
TNP2,76,76,0
TNS2,565,49,516
TOP1,390,390,0
TOP1MT,297,295,2
TOP2A,514,514,0
TOP2B,506,71,435
TOP3A,406,401,5
TOP3B,346,343,3
TOR1A,107,107,0
TOR1B,135,135,0
TOR2A,131,105,26
TOR3A,136,136,0
TOR4A,162,162,0
TP53,16295,5556,10739
TP53I3,110,109,1
TP53RK,107,107,0
TP63,1445,747,698
TP73,381,337,44
TPH1,205,205,0
TPH2,321,321,0
TPI1,130,35,95
TPMT,86,86,0
TPO,908,902,6
TPP1,258,126,132
TPP2,482,481,1
TPPP,132,132,0
TPSAB1,153,148,5
TPSB2,102,66,36
TPSD1,191,183,8
TPSG1,147,147,0
TPST1,169,169,0
TPST2,189,189,0
TPTE,1314,966,348
TPTE2,507,411,96
TRAP1,302,294,8
TRDMT1,180,178,2
TREH,171,163,8
TREM2,138,137,1
TREX1,142,34,108
TREX2,124,121,3
TRHDE,852,41,811
TRIM10,266,265,1
TRIM11,225,220,5
TRIM13,134,3,131
TRIM14,192,192,0
TRIM15,231,231,0
TRIM16,198,194,4
TRIM17,218,218,0
TRIM2,316,22,294
TRIM21,232,232,0
TRIM22,263,263,0
TRIM23,211,211,0
TRIM24,470,445,25
TRIM25,248,248,0
TRIM26,201,201,0
TRIM27,186,186,0
TRIM28,323,312,11
TRIM29,336,330,6
TRIM3,368,362,6
TRIM31,175,175,0
TRIM32,278,278,0
TRIM33,465,448,17
TRIM34,205,205,0
TRIM35,225,225,0
TRIM36,318,309,9
TRIM37,437,402,35
TRIM38,225,225,0
TRIM39,217,217,0
TRIM4,184,182,2
TRIM40,110,69,41
TRIM41,309,309,0
TRIM42,568,568,0
TRIM43,114,114,0
TRIM44,119,119,0
TRIM45,244,240,4
TRIM46,405,394,11
TRIM47,193,190,3
TRIM48,239,239,0
TRIM49,241,240,1
TRIM49B,167,167,0
TRIM49C,165,165,0
TRIM49D1,20,20,0
TRIM5,203,202,1
TRIM50,253,250,3
TRIM51,450,449,1
TRIM52,96,96,0
TRIM54,201,130,71
TRIM55,382,380,2
TRIM56,373,373,0
TRIM58,530,530,0
TRIM59,158,158,0
TRIM6,228,21,207
TRIM60,308,308,0
TRIM62,192,191,1
TRIM63,165,165,0
TRIM64B,132,132,0
TRIM65,159,159,0
TRIM66,326,30,296
TRIM67,423,423,0
TRIM68,215,215,0
TRIM7,219,217,2
TRIM71,459,459,0
TRIM72,226,226,0
TRIM73,65,65,0
TRIM74,47,47,0
TRIM9,413,412,1
TRIML2,399,29,370
TRIO,1530,1469,61
TRIP12,876,849,27
TRIP13,180,180,0
TRIT1,197,197,0
TRMO,170,169,1
TRMT12,171,171,0
TRMT13,178,176,2
TRMT2A,246,244,2
TRMT2B,206,206,0
TRMT5,165,164,1
TRMT61A,99,99,0
TRMT61B,172,172,0
TRMU,158,158,0
TRNT1,167,165,2
TROVE2,208,207,1
TRPA1,885,885,0
TRPC3,598,594,4
TRPM2,1000,992,8
TRPM3,1308,307,1001
TRPM4,629,622,7
TRPM5,594,581,13
TRPM6,1274,1241,33
TRPM7,611,607,4
TRPM8,647,641,6
TRPV1,344,335,9
TRPV3,399,388,11
TRPV4,473,473,0
TRPV5,605,602,3
TRPV6,475,41,434
TRUB1,115,115,0
TRUB2,141,141,0
TSEN2,173,171,2
TSEN34,135,135,0
TSNAX,92,92,0
TSR3,117,117,0
TSSK1B,247,247,0
TSSK2,164,164,0
TSSK3,88,88,0
TSSK4,103,53,50
TSSK6,169,169,0
TST,138,138,0
TSTA3,134,134,0
TSTD1,31,31,0
TSTD2,175,175,0
TTBK1,718,711,7
TTBK2,524,511,13
TTK,387,379,8
TTLL1,200,200,0
TTLL10,281,280,1
TTLL11,264,37,227
TTLL12,283,283,0
TTLL13P,205,200,5
TTLL2,335,335,0
TTLL3,319,79,240
TTLL4,487,478,9
TTLL5,642,579,63
TTLL6,392,390,2
TTLL7,397,397,0
TTLL8,6,1,5
TTLL9,267,258,9
TTN,35804,8487,27317
TTPA,146,146,0
TTR,91,91,0
TTYH2,248,236,12
TTYH3,235,235,0
TUBA1A,176,174,2
TUBA1B,137,137,0
TUBA1C,142,141,1
TUBA3C,470,470,0
TUBA3D,237,237,0
TUBA3E,240,240,0
TUBA4A,191,190,1
TUBA8,199,198,1
TUBAL3,262,261,1
TUBB,151,151,0
TUBB1,239,239,0
TUBB2A,115,115,0
TUBB2B,129,129,0
TUBB3,715,511,204
TUBB4A,297,297,0
TUBB4B,177,177,0
TUBB6,228,228,0
TUBB8,364,278,86
TUBD1,166,160,6
TUBE1,170,170,0
TUBG1,174,174,0
TUBG2,188,188,0
TUFM,179,179,0
TUT1,329,33,296
TUT4,629,493,136
TUT7,485,481,4
TWNK,331,329,2
TXK,258,257,1
TXN,26,26,0
TXN2,61,61,0
TXNDC17,32,32,0
TXNRD1,243,235,8
TXNRD2,234,220,14
TXNRD3,4,4,0
TXNRD3NB,58,6,52
TYK2,706,621,85
TYMP,155,135,20
TYMS,125,121,4
TYR,494,494,0
TYRO3,421,407,14
TYROBP,77,77,0
TYRP1,285,281,4
TYSND1,145,145,0
TYW1,293,289,4
TYW1B,111,111,0
TYW5,108,108,0
UAP1,202,178,24
UAP1L1,174,173,1
UBA1,366,366,0
UBA2,284,281,3
UBA3,177,175,2
UBA5,121,120,1
UBA6,416,416,0
UBA7,357,357,0
UBASH3B,313,313,0
UBE2A,112,102,10
UBE2B,32,32,0
UBE2C,70,67,3
UBE2D1,56,56,0
UBE2D2,54,52,2
UBE2D3,75,3,72
UBE2D4,53,53,0
UBE2E1,78,78,0
UBE2E2,96,96,0
UBE2E3,103,103,0
UBE2F,73,73,0
UBE2G1,68,68,0
UBE2G2,74,74,0
UBE2H,57,57,0
UBE2I,82,82,0
UBE2J1,111,111,0
UBE2J2,136,36,100
UBE2K,72,72,0
UBE2L3,48,17,31
UBE2L6,82,82,0
UBE2M,101,101,0
UBE2N,73,71,2
UBE2O,524,524,0
UBE2Q1,159,159,0
UBE2Q2,135,135,0
UBE2QL1,67,67,0
UBE2R2,69,69,0
UBE2T,58,58,0
UBE2U,101,101,0
UBE2W,60,17,43
UBE2Z,107,107,0
UBE3A,406,398,8
UBE3B,490,490,0
UBE3C,448,445,3
UBLCP1,110,110,0
UBR1,587,587,0
UBR2,593,592,1
UBR4,1961,1925,36
UBR5,1519,1316,203
UCHL1,94,94,0
UCHL3,75,75,0
UCHL5,113,111,2
UCK1,124,17,107
UCK2,157,148,9
UCKL1,219,218,1
UCP1,160,160,0
UEVLD,142,142,0
UFC1,70,70,0
UFSP1,44,2,42
UFSP2,159,159,0
UGCG,128,128,0
UGDH,196,195,1
UGP2,203,203,0
UGT2B7,349,349,0
UHMK1,172,167,5
UHRF1,10,4,6
UIMC1,282,267,15
ULK1,561,560,1
ULK2,401,401,0
ULK3,169,164,5
UMPS,218,201,17
UNC119,83,83,0
UNC119B,85,85,0
UNC13A,955,950,5
UNC13B,652,649,3
UNC13C,1734,1729,5
UNC13D,501,501,0
UNC5CL,252,252,0
UNG,120,118,2
UPB1,208,207,1
UPF1,507,174,333
UPP1,142,142,0
UPP2,196,27,169
UPRT,139,139,0
UQCRFS1,95,95,0
URAD,63,63,0
UROC1,502,265,237
UROD,112,112,0
USB1,100,98,2
USP1,229,229,0
USP10,328,15,313
USP11,418,416,2
USP12,133,133,0
USP13,427,424,3
USP14,187,184,3
USP15,405,401,4
USP16,294,290,4
USP17L10,41,41,0
USP17L11,75,75,0
USP17L12,41,41,0
USP17L13,45,45,0
USP17L15,63,63,0
USP17L17,76,76,0
USP17L18,74,74,0
USP17L19,39,39,0
USP17L2,279,279,0
USP17L20,55,55,0
USP17L21,33,33,0
USP17L22,65,65,0
USP17L24,55,55,0
USP17L30,43,43,0
USP17L5,55,55,0
USP18,105,105,0
USP19,576,135,441
USP2,278,275,3
USP20,430,430,0
USP21,286,285,1
USP22,231,230,1
USP24,825,804,21
USP25,418,418,0
USP26,532,532,0
USP27X,95,95,0
USP28,598,529,69
USP29,746,746,0
USP3,186,181,5
USP30,233,230,3
USP31,612,606,6
USP32,563,559,4
USP33,361,353,8
USP34,1344,1344,0
USP35,435,425,10
USP36,557,550,7
USP37,349,347,2
USP38,349,349,0
USP39,232,224,8
USP4,365,365,0
USP40,481,43,438
USP42,518,517,1
USP43,474,472,2
USP44,311,311,0
USP45,248,246,2
USP46,159,159,0
USP47,432,36,396
USP48,388,381,7
USP49,261,254,7
USP5,370,369,1
USP50,132,43,89
USP51,290,290,0
USP54,590,573,17
USP6,751,714,37
USP7,613,579,34
USP8,426,397,29
USP9X,1068,1038,30
USP9Y,289,289,0
USPL1,361,355,6
UST,200,200,0
UTRN,1453,1452,1
UTY,236,173,63
UXS1,173,20,153
VARS,494,494,0
VARS2,402,47,355
VASH1,158,158,0
VASH2,125,48,77
VCP,311,311,0
VCPIP1,430,430,0
VCPKMT,81,81,0
VDAC1,117,117,0
VDAC2,92,14,78
VDAC3,93,6,87
VDR,250,66,184
VKORC1,67,63,4
VKORC1L1,61,61,0
VNN1,270,270,0
VNN2,293,291,2
VPS29,61,2,59
VPS4A,148,148,0
VPS4B,142,142,0
VRK1,162,162,0
VRK2,198,185,13
VSNL1,91,91,0
VWA8,758,758,0
WARS2,201,200,1
WDFY1,181,181,0
WDFY2,153,153,0
WDFY3,1497,1490,7
WDR24,337,336,1
WDR59,407,406,1
WDYHV1,99,96,3
WEE1,230,224,6
WEE2,306,306,0
WNK1,1493,1120,373
WNK2,1116,1061,55
WNK3,841,826,15
WNK3,841,826,15
WNK3,841,826,15
WNK3,841,826,15
WNK4,601,601,0
WRN,658,658,0
WRNIP1,213,211,2
WWOX,272,268,4
WWP1,392,386,6
WWP2,422,409,13
XDH,882,882,0
XIAP,260,260,0
XPA,115,115,0
XPNPEP1,249,43,206
XPNPEP2,354,354,0
XPNPEP3,219,216,3
XRCC3,132,128,4
XRCC6,304,231,73
XXYLT1,165,165,0
XYLB,254,253,1
XYLT1,614,614,0
XYLT2,332,332,0
YARS,204,204,0
YARS2,172,172,0
YBEY,57,57,0
YDJC,2,2,0
YES1,366,288,78
YJU2,144,144,0
YME1L1,324,307,17
YOD1,119,118,1
YPEL3,60,16,44
YPEL5,49,49,0
YTHDC1,326,325,1
YTHDC2,495,495,0
YTHDF1,280,280,0
YTHDF2,233,228,5
YTHDF3,228,47,181
YY1,3,3,0
ZAP70,375,367,8
ZBED1,307,307,0
ZBED2,145,145,0
ZBED3,31,31,0
ZBED4,550,550,0
ZBED5,139,139,0
ZBED6,148,148,0
ZBTB48,241,241,0
ZBTB8OS,67,10,57
ZC2HC1A,139,139,0
ZC2HC1B,64,63,1
ZC2HC1C,151,151,0
ZC3H12A,291,291,0
ZCCHC4,193,192,1
ZCWPW1,292,291,1
ZCWPW2,195,195,0
ZDBF2,1342,1335,7
ZDHHC1,177,177,0
ZDHHC11,235,235,0
ZDHHC11B,85,10,75
ZDHHC12,100,98,2
ZDHHC13,181,181,0
ZDHHC14,201,200,1
ZDHHC15,210,208,2
ZDHHC16,141,141,0
ZDHHC17,218,218,0
ZDHHC18,137,137,0
ZDHHC19,148,148,0
ZDHHC2,156,156,0
ZDHHC20,126,110,16
ZDHHC21,91,91,0
ZDHHC22,100,100,0
ZDHHC23,148,147,1
ZDHHC24,84,84,0
ZDHHC3,150,114,36
ZDHHC4,140,140,0
ZDHHC6,139,139,0
ZDHHC7,145,75,70
ZDHHC8,357,342,15
ZDHHC9,170,170,0
ZFAND1,101,101,0
ZFAND2A,57,57,0
ZFAND2B,96,94,2
ZFAND4,290,290,0
ZFAND5,79,79,0
ZFAND6,72,72,0
ZFAT,775,737,38
ZFPM1,313,313,0
ZFPM2,1059,1044,15
ZFYVE1,344,344,0
ZFYVE16,464,464,0
ZFYVE19,179,175,4
ZFYVE21,95,81,14
ZFYVE26,998,998,0
ZFYVE27,158,111,47
ZFYVE28,490,482,8
ZFYVE9,542,540,2
ZGRF1,680,678,2
ZMIZ1,548,546,2
ZMIZ2,478,471,7
ZMPSTE24,180,180,0
ZMYND10,173,171,2
ZMYND11,237,237,0
ZMYND12,163,163,0
ZMYND15,302,259,43
ZMYND19,85,85,0
ZMYND8,614,51,563
ZNF276,252,239,13
ZNF32,112,112,0
ZNF346,101,101,0
ZNF410,173,41,132
ZNF750,419,418,1
ZNFX1,729,729,0
ZNHIT1,92,92,0
ZNHIT2,126,126,0
ZNHIT3,55,53,2
ZNHIT6,158,157,1
ZNRD1,36,36,0
ZRANB1,235,235,0
ZRANB3,467,453,14
ZSWIM2,451,451,0
ZUP1,212,212,0
ZZEF1,1032,1032,0
ZZZ3,345,345,0
